4 0.17708333333333334 0.4322916666666667 0.12604166666666666 0.12708333333333333
4 0.1625 0.6875 0.1125 0.11354166666666667
4 0.56875 0.7052083333333333 0.13333333333333333 0.12395833333333334
4 0.59375 0.45729166666666665 0.11458333333333333 0.128125
8 0.7479166666666667 0.478125 0.165625 0.08333333333333333
8 0.73125 0.73125 0.19270833333333334 0.08645833333333333
8 0.30520833333333336 0.21979166666666666 0.353125 0.11458333333333333
3 0.19270833333333334 0.07083333333333333 0.13958333333333334 0.04375
3 0.171875 0.3333333333333333 0.09479166666666666 0.03958333333333333
3 0.590625 0.36041666666666666 0.08020833333333334 0.03333333333333333
3 0.7104166666666667 0.41770833333333335 0.07708333333333334 0.03333333333333333
3 0.5729166666666666 0.609375 0.10104166666666667 0.042708333333333334
3 0.7 0.6708333333333333 0.09375 0.040625
3 0.165625 0.5885416666666666 0.10625 0.03958333333333333
3 0.2791666666666667 0.65 0.09583333333333334 0.035416666666666666
8 0.3177083333333333 0.7041666666666667 0.17708333333333334 0.07916666666666666
3 0.178125 0.134375 0.09895833333333333 0.04375