13 0.278125 0.10520833333333333 0.25833333333333336 0.13645833333333332
3 0.0625 0.09479166666666666 0.09583333333333334 0.10833333333333334
9 0.378125 0.26145833333333335 0.20104166666666667 0.13645833333333332
9 0.796875 0.20625 0.10104166666666667 0.115625
2 0.3385416666666667 0.48541666666666666 0.14270833333333333 0.09375
2 0.5145833333333333 0.46875 0.15520833333333334 0.11145833333333334
2 0.34270833333333334 0.6614583333333334 0.16354166666666667 0.12083333333333333
2 0.5260416666666666 0.6302083333333334 0.15833333333333333 0.115625
2 0.7052083333333333 0.4552083333333333 0.175 0.13333333333333333
2 0.7135416666666666 0.6145833333333334 0.16875 0.13333333333333333
2 0.9052083333333333 0.4270833333333333 0.14895833333333333 0.13854166666666667
2 0.9083333333333333 0.5833333333333334 0.15416666666666667 0.13854166666666667
0 0.6833333333333333 0.8604166666666667 0.1125 0.17708333333333334
0 0.8395833333333333 0.83125 0.14479166666666668 0.17708333333333334