13 0.27708333333333335 0.10208333333333333 0.25833333333333336 0.12916666666666668
3 0.06041666666666667 0.09479166666666666 0.08958333333333333 0.10833333333333334
2 0.3385416666666667 0.4791666666666667 0.14375 0.09791666666666667
2 0.346875 0.6583333333333333 0.16354166666666667 0.121875
2 0.5145833333333333 0.46875 0.15520833333333334 0.11875
2 0.7083333333333334 0.453125 0.175 0.12916666666666668
2 0.90625 0.5864583333333333 0.15729166666666666 0.13125
2 0.525 0.6427083333333333 0.16145833333333334 0.09791666666666667
2 0.7135416666666666 0.6145833333333334 0.16875 0.11875
9 0.3770833333333333 0.2635416666666667 0.20104166666666667 0.11875
9 0.7989583333333333 0.215625 0.10416666666666667 0.11145833333333334
0 0.6822916666666666 0.8604166666666667 0.10833333333333334 0.19166666666666668
0 0.8395833333333333 0.8333333333333334 0.13958333333333334 0.17395833333333333
2 0.89375 0.4166666666666667 0.12708333333333333 0.12395833333333334