4 0.11666666666666667 0.4375 0.19895833333333332 0.37395833333333334
4 0.3885416666666667 0.4270833333333333 0.17916666666666667 0.38229166666666664
4 0.6739583333333333 0.4239583333333333 0.19270833333333334 0.37916666666666665
13 0.71875 0.078125 0.22291666666666668 0.109375
0 0.91875 0.08125 0.16145833333333334 0.121875
8 0.378125 0.7666666666666667 0.175 0.11145833333333334
8 0.659375 0.7541666666666667 0.190625 0.09791666666666667
8 0.11041666666666666 0.784375 0.15729166666666666 0.11458333333333333
0 0.659375 0.9395833333333333 0.24270833333333333 0.11354166666666667
0 0.38958333333333334 0.9427083333333334 0.24479166666666666 0.103125
0 0.10833333333333334 0.9322916666666666 0.21666666666666667 0.11354166666666667