2 0.11770833333333333 0.036458333333333336 0.2125 0.03125
2 0.40520833333333334 0.04895833333333333 0.20208333333333334 0.030208333333333334
2 0.721875 0.06458333333333334 0.26458333333333334 0.034375
2 0.128125 0.09791666666666667 0.22916666666666666 0.03333333333333333
2 0.403125 0.10104166666666667 0.21875 0.028125
2 0.403125 0.15104166666666666 0.215625 0.025
2 0.1375 0.15208333333333332 0.2520833333333333 0.036458333333333336
2 0.134375 0.20833333333333334 0.24479166666666666 0.03229166666666667
2 0.4 0.20625 0.22083333333333333 0.0375
2 0.40520833333333334 0.26458333333333334 0.23020833333333332 0.034375
2 0.12916666666666668 0.26145833333333335 0.240625 0.035416666666666666
2 0.40520833333333334 0.31875 0.215625 0.03229166666666667
2 0.12604166666666666 0.36354166666666665 0.23541666666666666 0.028125
2 0.13229166666666667 0.40625 0.24895833333333334 0.034375
2 0.4239583333333333 0.3697916666666667 0.23645833333333333 0.03854166666666667
2 0.428125 0.415625 0.24479166666666666 0.036458333333333336
2 0.1375 0.4510416666666667 0.259375 0.030208333333333334
2 0.43020833333333336 0.459375 0.240625 0.036458333333333336
2 0.14166666666666666 0.5020833333333333 0.26666666666666666 0.03125
2 0.428125 0.5083333333333333 0.25625 0.03125
2 0.7375 0.3541666666666667 0.26979166666666665 0.03958333333333333
2 0.725 0.4083333333333333 0.24166666666666667 0.04583333333333333
2 0.721875 0.46041666666666664 0.240625 0.0375
2 0.15 0.6197916666666666 0.28229166666666666 0.03854166666666667
2 0.41041666666666665 0.5583333333333333 0.215625 0.040625
2 0.7197916666666667 0.5083333333333333 0.2677083333333333 0.03229166666666667
2 0.7239583333333334 0.5614583333333333 0.275 0.034375
2 0.4010416666666667 0.6177083333333333 0.18645833333333334 0.03854166666666667
2 0.39895833333333336 0.671875 0.20104166666666667 0.035416666666666666
2 0.4 0.7416666666666667 0.19583333333333333 0.0375