4 0.225 0.13854166666666667 0.24895833333333334 0.18854166666666666
4 0.5489583333333333 0.12916666666666668 0.24166666666666667 0.20416666666666666
4 0.8385416666666666 0.11979166666666667 0.23541666666666666 0.196875
4 0.36041666666666666 0.37916666666666665 0.5229166666666667 0.16458333333333333
4 0.778125 0.353125 0.24479166666666666 0.15416666666666667
4 0.190625 0.5520833333333334 0.2125 0.12708333333333333
4 0.42916666666666664 0.5385416666666667 0.23645833333333333 0.1375
4 0.684375 0.5291666666666667 0.21875 0.134375
4 0.46458333333333335 0.709375 0.7854166666666667 0.14895833333333333
4 0.19583333333333333 0.896875 0.234375 0.19270833333333334
4 0.509375 0.8645833333333334 0.228125 0.13020833333333334
4 0.775 0.8479166666666667 0.20104166666666667 0.14166666666666666