13 0.15520833333333334 0.051041666666666666 0.275 0.04583333333333333
13 0.165625 0.11458333333333333 0.309375 0.06145833333333333
13 0.16875 0.17916666666666667 0.3145833333333333 0.07291666666666667
13 0.16354166666666667 0.25104166666666666 0.296875 0.06354166666666666
13 0.16354166666666667 0.3375 0.303125 0.06354166666666666
13 0.7520833333333333 0.19166666666666668 0.396875 0.05
13 0.7302083333333333 0.11458333333333333 0.34375 0.06770833333333333
13 0.734375 0.28125 0.39791666666666664 0.06979166666666667
13 0.7145833333333333 0.3489583333333333 0.39166666666666666 0.06354166666666666
13 0.7125 0.43020833333333336 0.3854166666666667 0.051041666666666666
13 0.7104166666666667 0.5052083333333334 0.38125 0.06770833333333333
13 0.18125 0.5375 0.3458333333333333 0.04375
13 0.196875 0.5979166666666667 0.3770833333333333 0.04583333333333333
13 0.19895833333333332 0.7677083333333333 0.284375 0.03229166666666667
13 0.6979166666666666 0.6864583333333333 0.3333333333333333 0.05
13 0.671875 0.7510416666666667 0.40520833333333334 0.05625
13 0.21979166666666666 0.8229166666666666 0.30625 0.03958333333333333
13 0.6708333333333333 0.8104166666666667 0.40520833333333334 0.04375
13 0.23229166666666667 0.8760416666666667 0.30416666666666664 0.0375
13 0.6 0.878125 0.38958333333333334 0.036458333333333336