8 0.20208333333333334 0.13125 0.28020833333333334 0.153125
8 0.5895833333333333 0.10520833333333333 0.325 0.065625
8 0.659375 0.23854166666666668 0.33958333333333335 0.08645833333333333
8 0.6895833333333333 0.4979166666666667 0.31354166666666666 0.12916666666666668
8 0.74375 0.6604166666666667 0.30104166666666665 0.10520833333333333
8 0.790625 0.8260416666666667 0.30625 0.11875
8 0.271875 0.8583333333333333 0.31145833333333334 0.09895833333333333
8 0.18958333333333333 0.6239583333333333 0.2677083333333333 0.11666666666666667
8 0.228125 0.46458333333333335 0.36770833333333336 0.07916666666666666
8 0.23125 0.3625 0.2791666666666667 0.03958333333333333
8 0.22395833333333334 0.2947916666666667 0.24270833333333333 0.036458333333333336