0 0.19375 0.059375 0.140625 0.059375
0 0.37083333333333335 0.05625 0.13854166666666667 0.08125
0 0.6666666666666666 0.03125 0.21875 0.05
0 0.8333333333333334 0.103125 0.22083333333333333 0.05416666666666667
0 0.5364583333333334 0.12083333333333333 0.13854166666666667 0.06145833333333333
0 0.2677083333333333 0.16145833333333334 0.13854166666666667 0.057291666666666664
0 0.46041666666666664 0.21145833333333333 0.13854166666666667 0.057291666666666664
0 0.6760416666666667 0.196875 0.21666666666666667 0.059375
0 0.26458333333333334 0.31145833333333334 0.24895833333333334 0.059375
0 0.615625 0.30625 0.29375 0.059375
0 0.19166666666666668 0.38333333333333336 0.09583333333333334 0.05625
0 0.5260416666666666 0.38645833333333335 0.2947916666666667 0.05625
0 0.7885416666666667 0.4041666666666667 0.16770833333333332 0.057291666666666664
0 0.3020833333333333 0.475 0.215625 0.08958333333333333
0 0.5885416666666666 0.48125 0.21458333333333332 0.046875
0 0.8447916666666667 0.5 0.21458333333333332 0.08541666666666667
0 0.13645833333333332 0.5854166666666667 0.13854166666666667 0.05625
0 0.4083333333333333 0.6197916666666666 0.21770833333333334 0.051041666666666666
0 0.6708333333333333 0.5614583333333333 0.134375 0.07291666666666667
0 0.6416666666666667 0.6427083333333333 0.16145833333333334 0.08541666666666667
0 0.8447916666666667 0.615625 0.1625 0.058333333333333334
0 0.19270833333333334 0.7041666666666667 0.14166666666666666 0.08125
0 0.43854166666666666 0.759375 0.13645833333333332 0.075
0 0.21666666666666667 0.8447916666666667 0.25729166666666664 0.059375
0 0.709375 0.7333333333333333 0.24479166666666666 0.07604166666666666