2 0.13020833333333334 0.028125 0.24375 0.026041666666666668
2 0.140625 0.08958333333333333 0.259375 0.030208333333333334
2 0.1375 0.14479166666666668 0.2552083333333333 0.036458333333333336
2 0.14375 0.20208333333333334 0.2635416666666667 0.03229166666666667
2 0.4625 0.022916666666666665 0.22083333333333333 0.030208333333333334
2 0.45 0.08645833333333333 0.21979166666666666 0.03333333333333333
2 0.45 0.13333333333333333 0.228125 0.029166666666666667
2 0.8072916666666666 0.020833333333333332 0.24583333333333332 0.034375
2 0.8072916666666666 0.078125 0.2520833333333333 0.034375
2 0.8135416666666667 0.12395833333333334 0.246875 0.036458333333333336
2 0.809375 0.16979166666666667 0.24270833333333333 0.028125
2 0.46145833333333336 0.1875 0.25729166666666664 0.0375
2 0.14583333333333334 0.24895833333333334 0.25833333333333336 0.041666666666666664
2 0.13854166666666667 0.303125 0.25729166666666664 0.036458333333333336
2 0.14166666666666666 0.36354166666666665 0.2635416666666667 0.03854166666666667
2 0.815625 0.32708333333333334 0.23020833333333332 0.03958333333333333
2 0.14375 0.4635416666666667 0.26875 0.041666666666666664
2 0.13958333333333334 0.415625 0.25625 0.03333333333333333
2 0.146875 0.5083333333333333 0.2677083333333333 0.041666666666666664
2 0.15729166666666666 0.559375 0.28541666666666665 0.040625
2 0.1625 0.615625 0.2947916666666667 0.04479166666666667
2 0.47708333333333336 0.48333333333333334 0.19583333333333333 0.030208333333333334
2 0.16770833333333332 0.678125 0.2947916666666667 0.046875
2 0.5083333333333333 0.9104166666666667 0.21041666666666667 0.03333333333333333
2 0.165625 0.9260416666666667 0.2833333333333333 0.04895833333333333
2 0.5041666666666667 0.8260416666666667 0.209375 0.03125
2 0.5020833333333333 0.778125 0.21458333333333332 0.03333333333333333
2 0.503125 0.721875 0.225 0.03333333333333333
2 0.859375 0.89375 0.22291666666666668 0.03958333333333333
2 0.49375 0.5947916666666667 0.2125 0.03333333333333333
2 0.49375 0.6510416666666666 0.21770833333333334 0.036458333333333336