4 0.21458333333333332 0.1625 0.290625 0.18333333333333332
4 0.546875 0.15625 0.16145833333333334 0.18333333333333332
4 0.7739583333333333 0.13854166666666667 0.159375 0.15625
4 0.21041666666666667 0.3854166666666667 0.25729166666666664 0.20625
4 0.4791666666666667 0.3854166666666667 0.24479166666666666 0.20520833333333333
4 0.7760416666666666 0.3625 0.23541666666666666 0.20625
4 0.18958333333333333 0.5916666666666667 0.26875 0.16875
4 0.48854166666666665 0.5947916666666667 0.23229166666666667 0.17604166666666668
4 0.8020833333333334 0.5885416666666666 0.2677083333333333 0.17916666666666667
4 0.228125 0.8135416666666667 0.32395833333333335 0.13854166666666667
4 0.5947916666666667 0.8197916666666667 0.30625 0.11145833333333334
4 0.8625 0.815625 0.16875 0.13958333333333334