4 0.20625 0.071875 0.32395833333333335 0.103125
4 0.525 0.08020833333333334 0.25416666666666665 0.11354166666666667
4 0.128125 0.18333333333333332 0.22291666666666668 0.075
4 0.39166666666666666 0.18854166666666666 0.21770833333333334 0.075
4 0.6270833333333333 0.190625 0.18541666666666667 0.078125
4 0.8364583333333333 0.18958333333333333 0.19375 0.084375
4 0.825 0.07604166666666666 0.228125 0.09375
4 0.828125 0.28229166666666666 0.18854166666666666 0.06145833333333333
4 0.59375 0.28541666666666665 0.23020833333333332 0.06875
4 0.35520833333333335 0.27708333333333335 0.20104166666666667 0.08020833333333334
4 0.13541666666666666 0.28229166666666666 0.24479166666666666 0.09166666666666666
4 0.11458333333333333 0.38645833333333335 0.19895833333333332 0.08958333333333333
4 0.34479166666666666 0.38125 0.171875 0.084375
4 0.56875 0.378125 0.20729166666666668 0.071875
4 0.803125 0.3729166666666667 0.203125 0.06979166666666667
4 0.16875 0.490625 0.3145833333333333 0.09791666666666667
4 0.47708333333333336 0.4895833333333333 0.2989583333333333 0.075
4 0.8083333333333333 0.4875 0.259375 0.08854166666666667
4 0.7697916666666667 0.5885416666666666 0.23229166666666667 0.07708333333333334
4 0.45416666666666666 0.5927083333333333 0.2635416666666667 0.08333333333333333
4 0.16354166666666667 0.5927083333333333 0.228125 0.09791666666666667
4 0.15520833333333334 0.6885416666666667 0.24791666666666667 0.07916666666666666
4 0.42291666666666666 0.6854166666666667 0.24895833333333334 0.07604166666666666
4 0.715625 0.6927083333333334 0.30416666666666664 0.078125
4 0.1625 0.78125 0.23645833333333333 0.08020833333333334
4 0.384375 0.778125 0.19791666666666666 0.075
4 0.5854166666666667 0.7770833333333333 0.21979166666666666 0.07291666666666667
4 0.8354166666666667 0.7697916666666667 0.21770833333333334 0.0625
4 0.17604166666666668 0.8802083333333334 0.296875 0.0875
4 0.46770833333333334 0.8677083333333333 0.2520833333333333 0.08333333333333333
4 0.7052083333333333 0.8572916666666667 0.22395833333333334 0.08020833333333334
4 0.878125 0.8510416666666667 0.1125 0.07395833333333333
4 0.9010416666666666 0.940625 0.11666666666666667 0.06979166666666667
4 0.7541666666666667 0.9458333333333333 0.16145833333333334 0.058333333333333334
4 0.3645833333333333 0.9552083333333333 0.18645833333333334 0.06354166666666666
4 0.14895833333333333 0.9552083333333333 0.20104166666666667 0.058333333333333334