4 0.13958333333333334 0.18958333333333333 0.16354166666666667 0.14375
4 0.4114583333333333 0.18229166666666666 0.2989583333333333 0.10625
4 0.7708333333333334 0.18333333333333332 0.309375 0.13125
4 0.8020833333333334 0.396875 0.2520833333333333 0.16145833333333334
4 0.209375 0.409375 0.26458333333333334 0.17708333333333334
4 0.5135416666666667 0.39895833333333336 0.225 0.17395833333333333
4 0.803125 0.39895833333333336 0.25 0.16145833333333334
4 0.23020833333333332 0.6291666666666667 0.228125 0.203125
4 0.5229166666666667 0.6010416666666667 0.2375 0.20104166666666667
4 0.78125 0.6020833333333333 0.24479166666666666 0.19375
4 0.234375 0.8458333333333333 0.15104166666666666 0.15416666666666667
4 0.45625 0.825 0.159375 0.17395833333333333
4 0.7770833333333333 0.815625 0.2791666666666667 0.178125