2 0.18854166666666666 0.06041666666666667 0.240625 0.036458333333333336
2 0.1875 0.12291666666666666 0.24583333333333332 0.03333333333333333
2 0.18229166666666666 0.175 0.240625 0.036458333333333336
2 0.18645833333333334 0.228125 0.25625 0.03854166666666667
2 0.19270833333333334 0.28958333333333336 0.2677083333333333 0.040625
2 0.17291666666666666 0.3458333333333333 0.23958333333333334 0.041666666666666664
2 0.16458333333333333 0.4010416666666667 0.228125 0.03333333333333333
2 0.178125 0.46458333333333335 0.2604166666666667 0.034375
2 0.16979166666666667 0.525 0.25104166666666666 0.04375
2 0.16354166666666667 0.5791666666666667 0.23645833333333333 0.04375
2 0.16041666666666668 0.6364583333333333 0.24583333333333332 0.04583333333333333
2 0.15416666666666667 0.6875 0.23333333333333334 0.035416666666666666
2 0.16770833333333332 0.740625 0.2677083333333333 0.046875
2 0.1625 0.8020833333333334 0.240625 0.040625
2 0.17708333333333334 0.8604166666666667 0.26979166666666665 0.0375
2 0.19375 0.9197916666666667 0.2864583333333333 0.04479166666666667
2 0.5270833333333333 0.9385416666666667 0.221875 0.03333333333333333
2 0.5416666666666666 0.8739583333333333 0.25104166666666666 0.052083333333333336
2 0.5333333333333333 0.8229166666666666 0.23020833333333332 0.03854166666666667
2 0.53125 0.76875 0.215625 0.041666666666666664
2 0.5385416666666667 0.7145833333333333 0.23333333333333334 0.042708333333333334
2 0.5354166666666667 0.6625 0.225 0.040625
2 0.53125 0.6177083333333333 0.225 0.042708333333333334
2 0.534375 0.5708333333333333 0.221875 0.03958333333333333
2 0.5427083333333333 0.5270833333333333 0.24791666666666667 0.036458333333333336
2 0.534375 0.48541666666666666 0.240625 0.04375
2 0.54375 0.44375 0.26145833333333335 0.0375
2 0.5395833333333333 0.39375 0.25 0.0375
2 0.5479166666666667 0.34375 0.2520833333333333 0.04479166666666667
2 0.5354166666666667 0.296875 0.234375 0.03958333333333333
2 0.5458333333333333 0.24895833333333334 0.25 0.03854166666666667
2 0.5375 0.19375 0.2375 0.040625
2 0.5427083333333333 0.14791666666666667 0.24270833333333333 0.035416666666666666
2 0.5208333333333334 0.09895833333333333 0.21041666666666667 0.034375
2 0.5197916666666667 0.05 0.221875 0.035416666666666666
2 0.8375 0.03958333333333333 0.23645833333333333 0.04479166666666667
2 0.83125 0.08854166666666667 0.23125 0.0375
2 0.8333333333333334 0.13645833333333332 0.228125 0.03958333333333333
2 0.8375 0.190625 0.240625 0.04479166666666667
2 0.840625 0.24270833333333333 0.25 0.0375
2 0.828125 0.28958333333333336 0.23229166666666667 0.036458333333333336
2 0.8354166666666667 0.34479166666666666 0.2375 0.040625
2 0.8385416666666666 0.39895833333333336 0.24895833333333334 0.04583333333333333
2 0.83125 0.45416666666666666 0.23125 0.04375
2 0.8489583333333334 0.5041666666666667 0.26458333333333334 0.046875
2 0.8354166666666667 0.5614583333333333 0.240625 0.04375
2 0.8395833333333333 0.6052083333333333 0.2520833333333333 0.041666666666666664
2 0.8364583333333333 0.6666666666666666 0.23541666666666666 0.03229166666666667
2 0.8364583333333333 0.7177083333333333 0.22604166666666667 0.03854166666666667
2 0.828125 0.76875 0.20416666666666666 0.03125
2 0.8395833333333333 0.8145833333333333 0.22291666666666668 0.03125
2 0.83125 0.8739583333333333 0.22916666666666666 0.03854166666666667
2 0.8229166666666666 0.93125 0.23541666666666666 0.040625