3 0.20208333333333334 0.08020833333333334 0.18541666666666667 0.04791666666666667
3 0.21041666666666667 0.16145833333333334 0.19375 0.04583333333333333
3 0.21145833333333333 0.25416666666666665 0.175 0.036458333333333336
3 0.6020833333333333 0.08645833333333333 0.17708333333333334 0.03958333333333333
3 0.6208333333333333 0.17291666666666666 0.18541666666666667 0.040625
3 0.6385416666666667 0.265625 0.18333333333333332 0.04375
3 0.64375 0.36875 0.18854166666666666 0.05416666666666667
3 0.66875 0.4666666666666667 0.19583333333333333 0.052083333333333336
3 0.6708333333333333 0.5729166666666666 0.196875 0.05
3 0.21666666666666667 0.3614583333333333 0.17604166666666668 0.042708333333333334
3 0.22395833333333334 0.4708333333333333 0.209375 0.06041666666666667
3 0.22291666666666668 0.5833333333333334 0.21354166666666666 0.05
3 0.6739583333333333 0.859375 0.225 0.05416666666666667
3 0.6447916666666667 0.7822916666666667 0.19791666666666666 0.053125
3 0.6729166666666667 0.6822916666666666 0.20104166666666667 0.046875
3 0.2 0.8833333333333333 0.20833333333333334 0.065625
3 0.20729166666666668 0.7927083333333333 0.2125 0.0625
3 0.20833333333333334 0.6885416666666667 0.1875 0.046875