6 0.13541666666666666 0.07708333333333334 0.14375 0.05520833333333333
6 0.09375 0.16145833333333334 0.11041666666666666 0.03854166666666667
6 0.28541666666666665 0.15625 0.14583333333333334 0.040625
6 0.34479166666666666 0.07604166666666666 0.13229166666666667 0.053125
6 0.26979166666666665 0.23020833333333332 0.11041666666666666 0.025
6 0.09375 0.23125 0.13229166666666667 0.041666666666666664
6 0.46145833333333336 0.2375 0.12291666666666666 0.026041666666666668
6 0.5291666666666667 0.15729166666666666 0.11979166666666667 0.042708333333333334
6 0.5833333333333334 0.08020833333333334 0.11041666666666666 0.04479166666666667
6 0.79375 0.09166666666666666 0.1 0.0375
6 0.75 0.16041666666666668 0.12916666666666668 0.0375
6 0.6635416666666667 0.23645833333333333 0.1125 0.022916666666666665
6 0.8166666666666667 0.24166666666666667 0.121875 0.025
6 0.8166666666666667 0.303125 0.134375 0.042708333333333334
6 0.6583333333333333 0.2989583333333333 0.14166666666666666 0.028125
6 0.7072916666666667 0.3854166666666667 0.16145833333333334 0.025
6 0.7489583333333333 0.43854166666666666 0.16145833333333334 0.029166666666666667
6 0.546875 0.44166666666666665 0.14375 0.035416666666666666
6 0.4875 0.38645833333333335 0.15729166666666666 0.03333333333333333
6 0.0875 0.38958333333333334 0.12708333333333333 0.0375
6 0.11979166666666667 0.45208333333333334 0.16041666666666668 0.04375
6 0.28125 0.3854166666666667 0.146875 0.030208333333333334
6 0.340625 0.44375 0.146875 0.035416666666666666
6 0.11979166666666667 0.53125 0.153125 0.042708333333333334
6 0.3145833333333333 0.5208333333333334 0.13645833333333332 0.034375
6 0.5229166666666667 0.50625 0.1375 0.03958333333333333
6 0.703125 0.49895833333333334 0.13958333333333334 0.04479166666666667
6 0.8666666666666667 0.49166666666666664 0.10104166666666667 0.0375
6 0.7197916666666667 0.565625 0.140625 0.03958333333333333
6 0.871875 0.55625 0.10416666666666667 0.035416666666666666
6 0.7458333333333333 0.628125 0.190625 0.03958333333333333
6 0.4947916666666667 0.6416666666666667 0.16666666666666666 0.03958333333333333
6 0.6635416666666667 0.6885416666666667 0.115625 0.035416666666666666
6 0.8395833333333333 0.6885416666666667 0.13229166666666667 0.03229166666666667
6 0.4510416666666667 0.7020833333333333 0.121875 0.036458333333333336
6 0.6270833333333333 0.7739583333333333 0.09583333333333334 0.03229166666666667
6 0.7854166666666667 0.771875 0.1125 0.03229166666666667
6 0.6729166666666667 0.84375 0.16041666666666668 0.029166666666666667
6 0.834375 0.840625 0.09791666666666667 0.027083333333333334
6 0.45416666666666666 0.85 0.159375 0.03333333333333333
6 0.25833333333333336 0.85625 0.12916666666666668 0.034375
6 0.096875 0.8614583333333333 0.1125 0.042708333333333334
6 0.07916666666666666 0.796875 0.09583333333333334 0.04479166666666667
6 0.25104166666666666 0.7885416666666667 0.134375 0.035416666666666666
6 0.109375 0.725 0.11354166666666667 0.03958333333333333
6 0.096875 0.6625 0.12395833333333334 0.046875
6 0.278125 0.7114583333333333 0.1125 0.035416666666666666
6 0.296875 0.646875 0.140625 0.0375
6 0.5083333333333333 0.5635416666666667 0.115625 0.042708333333333334
6 0.1125 0.5979166666666667 0.134375 0.042708333333333334
6 0.30833333333333335 0.5791666666666667 0.15520833333333334 0.042708333333333334
6 0.10729166666666666 0.928125 0.11770833333333333 0.04479166666666667
6 0.27291666666666664 0.9229166666666667 0.11458333333333333 0.04583333333333333
6 0.42604166666666665 0.9291666666666667 0.09270833333333334 0.034375
6 0.565625 0.9270833333333334 0.11458333333333333 0.026041666666666668
6 0.74375 0.925 0.16145833333333334 0.03125