13 0.26458333333333334 0.07083333333333333 0.35833333333333334 0.040625
13 0.2677083333333333 0.1375 0.353125 0.042708333333333334
13 0.27291666666666664 0.19791666666666666 0.340625 0.041666666666666664
13 0.278125 0.259375 0.34791666666666665 0.042708333333333334
13 0.2791666666666667 0.32083333333333336 0.35104166666666664 0.04375
13 0.284375 0.3885416666666667 0.3572916666666667 0.04583333333333333
13 0.28541666666666665 0.453125 0.353125 0.05
13 0.2947916666666667 0.5208333333333334 0.3541666666666667 0.05
13 0.3 0.5791666666666667 0.36041666666666666 0.05520833333333333
13 0.30625 0.65 0.36041666666666666 0.05
13 0.6864583333333333 0.065625 0.33125 0.04583333333333333
13 0.690625 0.13125 0.33958333333333335 0.05
13 0.6916666666666667 0.184375 0.33958333333333335 0.04479166666666667
13 0.684375 0.24583333333333332 0.3385416666666667 0.03958333333333333
13 0.690625 0.30625 0.34791666666666665 0.05520833333333333
13 0.690625 0.3729166666666667 0.3458333333333333 0.052083333333333336
13 0.6947916666666667 0.4395833333333333 0.35625 0.05520833333333333
13 0.7041666666666667 0.5083333333333333 0.35208333333333336 0.058333333333333334
13 0.715625 0.5645833333333333 0.35833333333333334 0.04479166666666667
13 0.7083333333333334 0.6270833333333333 0.34791666666666665 0.04583333333333333
13 0.8239583333333333 0.6895833333333333 0.21770833333333334 0.03125
13 0.8010416666666667 0.7614583333333333 0.21875 0.034375
13 0.5270833333333333 0.7739583333333333 0.23645833333333333 0.051041666666666666
13 0.521875 0.7083333333333334 0.31354166666666666 0.05625
13 0.20416666666666666 0.7385416666666667 0.17916666666666667 0.03125
13 0.23541666666666666 0.7947916666666667 0.2520833333333333 0.04583333333333333
13 0.23229166666666667 0.909375 0.23020833333333332 0.040625
13 0.23229166666666667 0.8541666666666666 0.23645833333333333 0.03333333333333333
13 0.49583333333333335 0.9020833333333333 0.225 0.035416666666666666
13 0.5208333333333334 0.8458333333333333 0.2520833333333333 0.036458333333333336
13 0.7729166666666667 0.8947916666666667 0.19479166666666667 0.025
13 0.790625 0.8354166666666667 0.203125 0.03125