6 0.07395833333333333 0.028125 0.08125 0.03125
6 0.07395833333333333 0.057291666666666664 0.08020833333333334 0.03229166666666667
6 0.06354166666666666 0.09479166666666666 0.08541666666666667 0.03333333333333333
6 0.06354166666666666 0.1375 0.096875 0.03958333333333333
6 0.3072916666666667 0.04375 0.134375 0.042708333333333334
6 0.3020833333333333 0.09270833333333334 0.1 0.03854166666666667
6 0.3104166666666667 0.146875 0.10625 0.036458333333333336
6 0.059375 0.190625 0.09583333333333334 0.030208333333333334
6 0.31354166666666666 0.18958333333333333 0.10104166666666667 0.03854166666666667
6 0.057291666666666664 0.24479166666666666 0.1 0.03125
6 0.575 0.03958333333333333 0.12395833333333334 0.040625
6 0.56875 0.10208333333333333 0.11354166666666667 0.04479166666666667
6 0.5625 0.15416666666666667 0.10729166666666666 0.046875
6 0.565625 0.20625 0.10729166666666666 0.046875
6 0.8385416666666666 0.04375 0.11354166666666667 0.035416666666666666
6 0.8333333333333334 0.08645833333333333 0.10729166666666666 0.03854166666666667
6 0.8333333333333334 0.13020833333333334 0.11666666666666667 0.0375
6 0.84375 0.18854166666666666 0.10833333333333334 0.04479166666666667
6 0.8395833333333333 0.24375 0.12291666666666666 0.04375
6 0.8354166666666667 0.3020833333333333 0.1125 0.051041666666666666
6 0.5729166666666666 0.2520833333333333 0.13020833333333334 0.04375
6 0.3177083333333333 0.23541666666666666 0.11354166666666667 0.03958333333333333
6 0.315625 0.2947916666666667 0.09479166666666666 0.042708333333333334
6 0.5729166666666666 0.31145833333333334 0.10729166666666666 0.03854166666666667
6 0.05625 0.30416666666666664 0.10416666666666667 0.036458333333333336
6 0.315625 0.3416666666666667 0.0875 0.03854166666666667
6 0.565625 0.36041666666666666 0.10416666666666667 0.041666666666666664
6 0.8416666666666667 0.3614583333333333 0.11666666666666667 0.04791666666666667
6 0.3229166666666667 0.390625 0.10208333333333333 0.041666666666666664
6 0.04895833333333333 0.3625 0.096875 0.0375
6 0.059375 0.41354166666666664 0.11041666666666666 0.03958333333333333
6 0.05625 0.4708333333333333 0.1125 0.0375
6 0.057291666666666664 0.5114583333333333 0.09791666666666667 0.04375
6 0.33958333333333335 0.446875 0.10416666666666667 0.04375
6 0.33541666666666664 0.5 0.09166666666666666 0.04583333333333333
6 0.5791666666666667 0.4041666666666667 0.11770833333333333 0.041666666666666664
6 0.5666666666666667 0.46041666666666664 0.11145833333333334 0.04895833333333333
6 0.8385416666666666 0.4114583333333333 0.13229166666666667 0.04479166666666667
6 0.8260416666666667 0.4583333333333333 0.11458333333333333 0.041666666666666664
6 0.821875 0.5020833333333333 0.12083333333333333 0.041666666666666664
6 0.8260416666666667 0.546875 0.13645833333333332 0.040625
6 0.8177083333333334 0.5958333333333333 0.1125 0.04375
6 0.575 0.509375 0.11666666666666667 0.04791666666666667
6 0.359375 0.540625 0.10625 0.042708333333333334
6 0.06354166666666666 0.5760416666666667 0.1125 0.036458333333333336
6 0.06666666666666667 0.625 0.11354166666666667 0.035416666666666666
6 0.06458333333333334 0.6729166666666667 0.11979166666666667 0.04375
6 0.3729166666666667 0.59375 0.10833333333333334 0.03333333333333333
6 0.36666666666666664 0.64375 0.12083333333333333 0.040625
6 0.06875 0.721875 0.11354166666666667 0.041666666666666664
6 0.3697916666666667 0.6958333333333333 0.103125 0.03854166666666667
6 0.06770833333333333 0.7708333333333334 0.11354166666666667 0.04375
6 0.08645833333333333 0.828125 0.11666666666666667 0.046875
6 0.10625 0.8916666666666667 0.11770833333333333 0.04791666666666667
6 0.11770833333333333 0.9395833333333333 0.12083333333333333 0.0375
6 0.37916666666666665 0.753125 0.09895833333333333 0.04375
6 0.3458333333333333 0.8072916666666666 0.10520833333333333 0.042708333333333334
6 0.33958333333333335 0.86875 0.10416666666666667 0.035416666666666666
6 0.31875 0.9239583333333333 0.11770833333333333 0.036458333333333336
6 0.5239583333333333 0.921875 0.10208333333333333 0.0375
6 0.5333333333333333 0.8697916666666666 0.096875 0.041666666666666664
6 0.5635416666666667 0.809375 0.13854166666666667 0.042708333333333334
6 0.596875 0.7479166666666667 0.10625 0.03854166666666667
6 0.584375 0.696875 0.12083333333333333 0.03958333333333333
6 0.5822916666666667 0.6427083333333333 0.109375 0.034375
6 0.58125 0.6 0.096875 0.036458333333333336
6 0.5729166666666666 0.553125 0.11666666666666667 0.03854166666666667
6 0.8197916666666667 0.640625 0.12083333333333333 0.04375
6 0.8208333333333333 0.7 0.10729166666666666 0.058333333333333334
6 0.8395833333333333 0.7666666666666667 0.12604166666666666 0.05520833333333333
6 0.7947916666666667 0.8239583333333333 0.103125 0.035416666666666666
6 0.79375 0.8739583333333333 0.121875 0.03333333333333333
6 0.775 0.9197916666666667 0.10208333333333333 0.036458333333333336