2 0.1625 0.06145833333333333 0.16354166666666667 0.08020833333333334
2 0.21041666666666667 0.16979166666666667 0.134375 0.075
2 0.20104166666666667 0.31666666666666665 0.12395833333333334 0.06875
2 0.43645833333333334 0.184375 0.13958333333333334 0.08020833333333334
2 0.7520833333333333 0.15208333333333332 0.2552083333333333 0.11458333333333333
2 0.459375 0.31666666666666665 0.15104166666666666 0.09583333333333334
2 0.734375 0.340625 0.23020833333333332 0.08020833333333334
2 0.18125 0.48854166666666665 0.15 0.09583333333333334
2 0.240625 0.6083333333333333 0.240625 0.09270833333333334
2 0.55 0.5322916666666667 0.13333333333333333 0.07395833333333333
2 0.7822916666666667 0.6 0.21354166666666666 0.09375
2 0.49375 0.7729166666666667 0.2 0.078125