13 0.20729166666666668 0.059375 0.303125 0.053125
13 0.21770833333333334 0.13645833333333332 0.3260416666666667 0.07395833333333333
13 0.5583333333333333 0.04479166666666667 0.34375 0.0375
13 0.8427083333333333 0.040625 0.178125 0.03125
13 0.5729166666666666 0.11041666666666666 0.275 0.04791666666666667
13 0.8322916666666667 0.103125 0.18854166666666666 0.0375
13 0.23645833333333333 0.21354166666666666 0.35520833333333335 0.04895833333333333
13 0.6135416666666667 0.196875 0.28854166666666664 0.035416666666666666
13 0.8447916666666667 0.18541666666666667 0.14375 0.028125
13 0.24583333333333332 0.271875 0.40520833333333334 0.052083333333333336
13 0.6458333333333334 0.25625 0.3385416666666667 0.03854166666666667
13 0.22604166666666667 0.33645833333333336 0.35 0.046875
13 0.609375 0.3177083333333333 0.33645833333333336 0.03854166666666667
13 0.8729166666666667 0.309375 0.1625 0.03229166666666667
13 0.225 0.39895833333333336 0.3458333333333333 0.05625
13 0.621875 0.37916666666666665 0.37083333333333335 0.04895833333333333
13 0.8864583333333333 0.37083333333333335 0.11979166666666667 0.026041666666666668
13 0.209375 0.453125 0.2916666666666667 0.051041666666666666
13 0.571875 0.4322916666666667 0.31354166666666666 0.03333333333333333
13 0.8479166666666667 0.42916666666666664 0.18020833333333333 0.034375
13 0.196875 0.5239583333333333 0.265625 0.042708333333333334
13 0.5583333333333333 0.5145833333333333 0.3333333333333333 0.04479166666666667
13 0.8333333333333334 0.5041666666666667 0.17604166666666668 0.03229166666666667
13 0.2708333333333333 0.5927083333333333 0.43125 0.06041666666666667
13 0.684375 0.5708333333333333 0.2916666666666667 0.04791666666666667
13 0.14375 0.6552083333333333 0.16875 0.042708333333333334
13 0.37916666666666665 0.6385416666666667 0.20520833333333333 0.040625
13 0.6635416666666667 0.6270833333333333 0.25729166666666664 0.03854166666666667
13 0.27291666666666664 0.7125 0.3927083333333333 0.057291666666666664
13 0.640625 0.6916666666666667 0.2635416666666667 0.052083333333333336
13 0.859375 0.6875 0.13645833333333332 0.03854166666666667
13 0.225 0.778125 0.328125 0.0625
13 0.56875 0.7625 0.28020833333333334 0.051041666666666666
13 0.8385416666666666 0.7458333333333333 0.190625 0.03125
13 0.246875 0.8427083333333333 0.371875 0.06145833333333333
13 0.6010416666666667 0.8166666666666667 0.2625 0.042708333333333334
13 0.8322916666666667 0.8072916666666666 0.14895833333333333 0.035416666666666666
13 0.240625 0.903125 0.36770833333333336 0.04479166666666667
13 0.625 0.890625 0.30416666666666664 0.03125
13 0.22291666666666668 0.946875 0.2791666666666667 0.034375
13 0.6770833333333334 0.9375 0.3697916666666667 0.034375