12 0.37083333333333335 0.8739583333333333 0.296875 0.18125
12 0.7625 0.8208333333333333 0.434375 0.13125
12 0.115625 0.7177083333333333 0.19583333333333333 0.159375
12 0.40729166666666666 0.6854166666666667 0.37604166666666666 0.128125
12 0.7927083333333333 0.675 0.31354166666666666 0.13854166666666667
12 0.278125 0.5083333333333333 0.37604166666666666 0.14479166666666668
12 0.7354166666666667 0.4864583333333333 0.37395833333333334 0.16979166666666667
12 0.2833333333333333 0.30625 0.4375 0.18229166666666666
12 0.7302083333333333 0.29375 0.40729166666666666 0.16458333333333333
12 0.24791666666666667 0.11354166666666667 0.38333333333333336 0.15208333333333332
12 0.7125 0.1 0.4510416666666667 0.14166666666666666