11 0.3 0.8864583333333333 0.4322916666666667 0.153125
11 0.7520833333333333 0.878125 0.37916666666666665 0.175
11 0.25729166666666664 0.7229166666666667 0.43333333333333335 0.11354166666666667
11 0.73125 0.7229166666666667 0.4479166666666667 0.128125
11 0.26145833333333335 0.5916666666666667 0.4947916666666667 0.125
11 0.7583333333333333 0.571875 0.43125 0.13958333333333334
11 0.28125 0.46458333333333335 0.49895833333333334 0.12395833333333334
11 0.7739583333333333 0.434375 0.41875 0.128125
11 0.3145833333333333 0.29583333333333334 0.5854166666666667 0.13958333333333334
11 0.8302083333333333 0.2760416666666667 0.30416666666666664 0.11979166666666667
11 0.7375 0.11875 0.396875 0.175
11 0.265625 0.11875 0.446875 0.18020833333333333