4 0.22604166666666667 0.140625 0.25833333333333336 0.18958333333333333
4 0.5489583333333333 0.128125 0.25 0.21354166666666666
4 0.8416666666666667 0.11666666666666667 0.25 0.203125
4 0.359375 0.3802083333333333 0.5260416666666666 0.1625
4 0.7791666666666667 0.353125 0.246875 0.15416666666666667
4 0.19166666666666668 0.5520833333333334 0.215625 0.12916666666666668
4 0.43125 0.5385416666666667 0.2375 0.13854166666666667
4 0.6854166666666667 0.528125 0.21979166666666666 0.1375
4 0.465625 0.709375 0.7864583333333334 0.153125
4 0.19583333333333333 0.8958333333333334 0.23541666666666666 0.190625
4 0.509375 0.865625 0.228125 0.13229166666666667
4 0.7697916666666667 0.8489583333333334 0.20729166666666668 0.14479166666666668