5 0.13541666666666666 0.08958333333333333 0.11458333333333333 0.03333333333333333
5 0.13958333333333334 0.16875 0.1375 0.041666666666666664
5 0.12395833333333334 0.25729166666666664 0.13541666666666666 0.034375
5 0.403125 0.08229166666666667 0.134375 0.04375
5 0.37395833333333334 0.159375 0.12708333333333333 0.04791666666666667
5 0.3489583333333333 0.24375 0.11666666666666667 0.042708333333333334
5 0.6072916666666667 0.06145833333333333 0.11458333333333333 0.0375
5 0.5875 0.15208333333333332 0.11979166666666667 0.034375
5 0.5875 0.21875 0.09791666666666667 0.034375
5 0.6 0.2875 0.08958333333333333 0.026041666666666668
5 0.36354166666666665 0.29791666666666666 0.0875 0.026041666666666668
5 0.815625 0.06458333333333334 0.11875 0.040625
5 0.7854166666666667 0.1375 0.109375 0.040625
5 0.78125 0.21458333333333332 0.128125 0.04583333333333333
5 0.7708333333333334 0.2864583333333333 0.109375 0.0375
5 0.7885416666666667 0.340625 0.12708333333333333 0.026041666666666668
5 0.5979166666666667 0.35104166666666664 0.10104166666666667 0.042708333333333334
5 0.7791666666666667 0.40729166666666666 0.11458333333333333 0.035416666666666666
5 0.6125 0.415625 0.09479166666666666 0.0375
5 0.628125 0.48125 0.09166666666666666 0.029166666666666667
5 0.7635416666666667 0.4739583333333333 0.09479166666666666 0.04479166666666667
5 0.6260416666666667 0.540625 0.08229166666666667 0.027083333333333334
5 0.771875 0.5239583333333333 0.090625 0.0375
5 0.37916666666666665 0.3645833333333333 0.096875 0.03125
5 0.38229166666666664 0.42083333333333334 0.09270833333333334 0.035416666666666666
5 0.375 0.48541666666666666 0.10416666666666667 0.03333333333333333
5 0.36354166666666665 0.5427083333333333 0.08541666666666667 0.027083333333333334
5 0.103125 0.33541666666666664 0.09895833333333333 0.03125
5 0.109375 0.42604166666666665 0.09270833333333334 0.03229166666666667
5 0.10208333333333333 0.496875 0.103125 0.029166666666666667
5 0.10416666666666667 0.5635416666666667 0.08333333333333333 0.022916666666666665
5 0.09895833333333333 0.6270833333333333 0.07708333333333334 0.019791666666666666
5 0.10625 0.6947916666666667 0.090625 0.027083333333333334
5 0.103125 0.759375 0.08020833333333334 0.019791666666666666
5 0.1 0.8145833333333333 0.08541666666666667 0.030208333333333334
5 0.10416666666666667 0.8635416666666667 0.08020833333333334 0.025
5 0.3458333333333333 0.6041666666666666 0.10104166666666667 0.034375
5 0.346875 0.6770833333333334 0.09479166666666666 0.034375
5 0.328125 0.7395833333333334 0.09895833333333333 0.035416666666666666
5 0.31354166666666666 0.7989583333333333 0.08958333333333333 0.026041666666666668
5 0.30833333333333335 0.8614583333333333 0.10729166666666666 0.03958333333333333
5 0.28958333333333336 0.91875 0.10104166666666667 0.026041666666666668
5 0.571875 0.9166666666666666 0.08958333333333333 0.025
5 0.5822916666666667 0.8645833333333334 0.08854166666666667 0.021875
5 0.5864583333333333 0.8104166666666667 0.1 0.041666666666666664
5 0.5822916666666667 0.7458333333333333 0.090625 0.04375
5 0.7479166666666667 0.915625 0.078125 0.026041666666666668
5 0.5958333333333333 0.6760416666666667 0.08541666666666667 0.042708333333333334
5 0.5979166666666667 0.6052083333333333 0.075 0.026041666666666668
5 0.7458333333333333 0.5979166666666667 0.1 0.030208333333333334
5 0.740625 0.671875 0.103125 0.035416666666666666
5 0.7302083333333333 0.740625 0.103125 0.027083333333333334
5 0.7458333333333333 0.8020833333333334 0.09270833333333334 0.028125
5 0.7677083333333333 0.8666666666666667 0.12916666666666668 0.035416666666666666