4 0.25625 0.09583333333333334 0.3958333333333333 0.15416666666666667
4 0.725 0.09479166666666666 0.40520833333333334 0.14166666666666666
4 0.25729166666666664 0.275 0.29270833333333335 0.15520833333333334
4 0.7083333333333334 0.2708333333333333 0.42604166666666665 0.146875
4 0.2604166666666667 0.46041666666666664 0.40520833333333334 0.1
4 0.69375 0.46979166666666666 0.38958333333333334 0.17083333333333334
4 0.25833333333333336 0.61875 0.4427083333333333 0.18958333333333333
4 0.7145833333333333 0.6447916666666667 0.4041666666666667 0.16979166666666667
4 0.47708333333333336 0.7927083333333333 0.8239583333333333 0.1375
4 0.275 0.9145833333333333 0.328125 0.07916666666666666
4 0.6572916666666667 0.9010416666666666 0.353125 0.07395833333333333