4 0.165625 0.090625 0.2708333333333333 0.13125
4 0.15104166666666666 0.3 0.25625 0.128125
4 0.7270833333333333 0.08854166666666667 0.33645833333333336 0.12604166666666666
4 0.5541666666666667 0.30520833333333336 0.24791666666666667 0.128125
4 0.8541666666666666 0.3104166666666667 0.228125 0.12916666666666668
4 0.15 0.4864583333333333 0.240625 0.13333333333333333
4 0.5541666666666667 0.4895833333333333 0.27395833333333336 0.125
4 0.8677083333333333 0.49583333333333335 0.24166666666666667 0.125
4 0.15104166666666666 0.6416666666666667 0.234375 0.1125
4 0.5322916666666667 0.6375 0.2520833333333333 0.109375
4 0.8635416666666667 0.6447916666666667 0.24166666666666667 0.11875
4 0.290625 0.7979166666666667 0.46458333333333335 0.16666666666666666
4 0.6333333333333333 0.8135416666666667 0.20416666666666666 0.196875
4 0.825 0.8041666666666667 0.19583333333333333 0.16041666666666668