12 0.24166666666666667 0.09583333333333334 0.35833333333333334 0.11354166666666667
12 0.259375 0.2375 0.38645833333333335 0.125
12 0.584375 0.08958333333333333 0.25625 0.10104166666666667
12 0.85625 0.08645833333333333 0.22083333333333333 0.09166666666666666
12 0.6822916666666666 0.23541666666666666 0.35 0.09270833333333334
12 0.26458333333333334 0.3958333333333333 0.42291666666666666 0.11145833333333334
12 0.7166666666666667 0.38958333333333334 0.3458333333333333 0.08645833333333333
12 0.240625 0.51875 0.38229166666666664 0.09166666666666666
12 0.6270833333333333 0.509375 0.3385416666666667 0.08958333333333333
12 0.25729166666666664 0.6625 0.3958333333333333 0.096875
12 0.7208333333333333 0.640625 0.36041666666666666 0.06354166666666666
12 0.24583333333333332 0.8125 0.378125 0.14166666666666666
12 0.696875 0.7927083333333333 0.44166666666666665 0.11354166666666667
12 0.684375 0.90625 0.3697916666666667 0.084375