11 0.2604166666666667 0.10208333333333333 0.39166666666666666 0.15104166666666666
11 0.7270833333333333 0.103125 0.40520833333333334 0.1375
11 0.2552083333333333 0.284375 0.2947916666666667 0.15208333333333332
11 0.7072916666666667 0.2791666666666667 0.428125 0.14479166666666668
11 0.25729166666666664 0.4666666666666667 0.403125 0.096875
11 0.69375 0.478125 0.3802083333333333 0.16770833333333332
11 0.25729166666666664 0.628125 0.45 0.19166666666666668
11 0.7083333333333334 0.6510416666666666 0.41354166666666664 0.16145833333333334
11 0.47291666666666665 0.8010416666666667 0.8260416666666667 0.12916666666666668
11 0.271875 0.9197916666666667 0.32708333333333334 0.08125
11 0.653125 0.9135416666666667 0.346875 0.08125