4 0.234375 0.19479166666666667 0.23541666666666666 0.18125
8 0.6041666666666666 0.178125 0.39895833333333336 0.10833333333333334
13 0.2520833333333333 0.40208333333333335 0.26875 0.03125
13 0.24895833333333334 0.48333333333333334 0.271875 0.03854166666666667
2 0.5895833333333333 0.3770833333333333 0.21979166666666666 0.03333333333333333
2 0.59375 0.421875 0.228125 0.030208333333333334
0 0.6375 0.5083333333333333 0.175 0.058333333333333334
5 0.16666666666666666 0.45 0.09479166666666666 0.021875
5 0.18020833333333333 0.35833333333333334 0.11041666666666666 0.027083333333333334
4 0.6739583333333333 0.615625 0.21354166666666666 0.115625
9 0.240625 0.5510416666666667 0.24479166666666666 0.03333333333333333
9 0.24791666666666667 0.5895833333333333 0.25729166666666664 0.034375
8 0.315625 0.65625 0.290625 0.09479166666666666