12 0.23020833333333332 0.1 0.32708333333333334 0.11875
12 0.6010416666666667 0.10104166666666667 0.3458333333333333 0.12395833333333334
12 0.19583333333333333 0.246875 0.275 0.09895833333333333
12 0.646875 0.22395833333333334 0.48854166666666665 0.11458333333333333
12 0.21354166666666666 0.37916666666666665 0.35104166666666664 0.11458333333333333
12 0.6552083333333333 0.353125 0.471875 0.10208333333333333
12 0.175 0.4979166666666667 0.26458333333333334 0.08541666666666667
12 0.4979166666666667 0.478125 0.31666666666666665 0.07291666666666667
12 0.221875 0.6302083333333334 0.378125 0.134375
12 0.5864583333333333 0.6239583333333333 0.2864583333333333 0.11875
12 0.84375 0.609375 0.203125 0.09270833333333334
12 0.7302083333333333 0.7520833333333333 0.346875 0.08125
12 0.26458333333333334 0.8833333333333333 0.4 0.09895833333333333