1 0.25625 0.10416666666666667 0.46458333333333335 0.121875
1 0.2677083333333333 0.2552083333333333 0.44375 0.13333333333333333
1 0.740625 0.10416666666666667 0.434375 0.109375
1 0.7354166666666667 0.23645833333333333 0.4666666666666667 0.12604166666666666
1 0.7479166666666667 0.39791666666666664 0.3072916666666667 0.115625
1 0.7395833333333334 0.540625 0.4 0.12083333333333333
1 0.26458333333333334 0.5510416666666667 0.45 0.11979166666666667
1 0.315625 0.41875 0.484375 0.128125
1 0.18229166666666666 0.7270833333333333 0.22083333333333333 0.09583333333333334
1 0.728125 0.8708333333333333 0.32083333333333336 0.10729166666666666
1 0.3697916666666667 0.878125 0.32395833333333335 0.10520833333333333
1 0.6583333333333333 0.7 0.6114583333333333 0.15208333333333332