10 0.23229166666666667 0.15625 0.3104166666666667 0.05
10 0.228125 0.25625 0.296875 0.04583333333333333
10 0.7458333333333333 0.0625 0.31666666666666665 0.051041666666666666
10 0.73125 0.14375 0.37604166666666666 0.04375
10 0.7354166666666667 0.19583333333333333 0.353125 0.04375
10 0.728125 0.259375 0.29583333333333334 0.03854166666666667
10 0.7625 0.32916666666666666 0.3333333333333333 0.042708333333333334
10 0.7322916666666667 0.40625 0.2989583333333333 0.0375
10 0.70625 0.471875 0.3927083333333333 0.040625
10 0.728125 0.5520833333333334 0.31666666666666665 0.04895833333333333
10 0.7104166666666667 0.625 0.38229166666666664 0.03958333333333333
10 0.7427083333333333 0.703125 0.33125 0.053125
10 0.7625 0.8520833333333333 0.33125 0.04583333333333333
10 0.696875 0.7802083333333333 0.4125 0.03333333333333333
10 0.25729166666666664 0.8583333333333333 0.390625 0.05625
10 0.21145833333333333 0.76875 0.30625 0.03854166666666667
10 0.246875 0.7 0.346875 0.05416666666666667
10 0.2520833333333333 0.621875 0.38229166666666664 0.04791666666666667
10 0.24895833333333334 0.55 0.3375 0.057291666666666664
10 0.2375 0.40625 0.30416666666666664 0.053125
10 0.21979166666666666 0.33125 0.33645833333333336 0.04583333333333333