2 0.21666666666666667 0.059375 0.290625 0.05416666666666667
2 0.21145833333333333 0.14270833333333333 0.29791666666666666 0.05520833333333333
2 0.203125 0.22604166666666667 0.2791666666666667 0.04895833333333333
2 0.171875 0.29583333333333334 0.23229166666666667 0.04791666666666667
2 0.5572916666666666 0.042708333333333334 0.28125 0.035416666666666666
2 0.5166666666666667 0.121875 0.22916666666666666 0.03333333333333333
2 0.528125 0.203125 0.259375 0.0375
2 0.4739583333333333 0.27395833333333336 0.26145833333333335 0.034375
2 0.8489583333333334 0.04479166666666667 0.23229166666666667 0.035416666666666666
2 0.8125 0.11875 0.24479166666666666 0.029166666666666667
2 0.8072916666666666 0.19166666666666668 0.19791666666666666 0.03229166666666667
2 0.7708333333333334 0.2625 0.23854166666666668 0.0375
2 0.8114583333333333 0.3375 0.23229166666666667 0.03125
2 0.821875 0.39375 0.23854166666666668 0.028125
2 0.8927083333333333 0.4625 0.16875 0.028125
2 0.6041666666666666 0.48020833333333335 0.309375 0.041666666666666664
2 0.8364583333333333 0.6572916666666667 0.21770833333333334 0.030208333333333334
2 0.5145833333333333 0.3489583333333333 0.2625 0.03854166666666667
2 0.5229166666666667 0.40729166666666666 0.2947916666666667 0.035416666666666666
2 0.5114583333333333 0.559375 0.23229166666666667 0.03854166666666667
2 0.490625 0.63125 0.215625 0.034375
2 0.5208333333333334 0.696875 0.25729166666666664 0.036458333333333336
2 0.521875 0.76875 0.240625 0.040625
2 0.5125 0.8385416666666666 0.21145833333333333 0.03333333333333333
2 0.8197916666666667 0.7479166666666667 0.23541666666666666 0.035416666666666666
2 0.7979166666666667 0.8260416666666667 0.22604166666666667 0.030208333333333334
2 0.19583333333333333 0.36875 0.28229166666666666 0.052083333333333336
2 0.19583333333333333 0.4375 0.253125 0.05625
2 0.21458333333333332 0.5166666666666667 0.3177083333333333 0.053125
2 0.18645833333333334 0.5927083333333333 0.24270833333333333 0.052083333333333336
2 0.190625 0.65625 0.24895833333333334 0.041666666666666664
2 0.20104166666666667 0.715625 0.28958333333333336 0.041666666666666664
2 0.190625 0.790625 0.25416666666666665 0.05520833333333333
2 0.22604166666666667 0.865625 0.275 0.04791666666666667
2 0.25104166666666666 0.9197916666666667 0.24166666666666667 0.03854166666666667
2 0.5583333333333333 0.9052083333333333 0.30416666666666664 0.03854166666666667
2 0.8625 0.89375 0.21041666666666667 0.03958333333333333