10 0.32708333333333334 0.06770833333333333 0.26979166666666665 0.052083333333333336
10 0.3145833333333333 0.18541666666666667 0.24270833333333333 0.05625
10 0.309375 0.33125 0.253125 0.058333333333333334
10 0.7645833333333333 0.09375 0.215625 0.04895833333333333
10 0.73125 0.20833333333333334 0.23333333333333334 0.04479166666666667
10 0.721875 0.33958333333333335 0.228125 0.059375
10 0.703125 0.4864583333333333 0.228125 0.06145833333333333
10 0.6677083333333333 0.634375 0.228125 0.06145833333333333
10 0.64375 0.7833333333333333 0.23541666666666666 0.06666666666666667
10 0.6052083333333333 0.9291666666666667 0.24270833333333333 0.065625
10 0.18020833333333333 0.915625 0.23020833333333332 0.06770833333333333
10 0.21770833333333334 0.7510416666666667 0.24479166666666666 0.058333333333333334
10 0.24791666666666667 0.6125 0.24166666666666667 0.06875
10 0.28958333333333336 0.4552083333333333 0.26145833333333335 0.071875