4 0.17916666666666667 0.12291666666666666 0.23229166666666667 0.11041666666666666
4 0.203125 0.26875 0.28229166666666666 0.12604166666666666
4 0.5583333333333333 0.2791666666666667 0.27395833333333336 0.084375
4 0.534375 0.13854166666666667 0.2916666666666667 0.11145833333333334
4 0.22291666666666668 0.390625 0.34270833333333334 0.07083333333333333
4 0.553125 0.4083333333333333 0.22083333333333333 0.05416666666666667
4 0.8260416666666667 0.40520833333333334 0.26458333333333334 0.05
4 0.8739583333333333 0.14791666666666667 0.21770833333333334 0.10104166666666667
4 0.18020833333333333 0.5135416666666667 0.225 0.11666666666666667
4 0.56875 0.5208333333333334 0.26979166666666665 0.13958333333333334
4 0.19895833333333332 0.709375 0.32083333333333336 0.13333333333333333
4 0.18020833333333333 0.8458333333333333 0.23020833333333332 0.1
4 0.621875 0.8479166666666667 0.21041666666666667 0.090625
4 0.7375 0.71875 0.375 0.13229166666666667