6 0.08333333333333333 0.029166666666666667 0.071875 0.026041666666666668
6 0.08854166666666667 0.09166666666666666 0.08854166666666667 0.029166666666666667
6 0.08020833333333334 0.165625 0.10416666666666667 0.034375
6 0.2989583333333333 0.09270833333333334 0.08958333333333333 0.030208333333333334
6 0.30416666666666664 0.027083333333333334 0.06979166666666667 0.023958333333333335
6 0.30520833333333336 0.16458333333333333 0.096875 0.03125
6 0.09375 0.24583333333333332 0.109375 0.034375
6 0.5322916666666667 0.023958333333333335 0.07708333333333334 0.028125
6 0.5333333333333333 0.090625 0.08229166666666667 0.028125
6 0.7447916666666666 0.022916666666666665 0.07916666666666666 0.025
6 0.7416666666666667 0.09583333333333334 0.07708333333333334 0.021875
6 0.740625 0.16770833333333332 0.075 0.027083333333333334
6 0.5385416666666667 0.16458333333333333 0.084375 0.029166666666666667
6 0.5541666666666667 0.23958333333333334 0.075 0.028125
6 0.3072916666666667 0.24270833333333333 0.1 0.03125
6 0.08645833333333333 0.3145833333333333 0.09166666666666666 0.030208333333333334
6 0.08229166666666667 0.39479166666666665 0.09479166666666666 0.034375
6 0.33125 0.3875 0.084375 0.03229166666666667
6 0.32395833333333335 0.309375 0.08333333333333333 0.035416666666666666
6 0.5583333333333333 0.3125 0.075 0.028125
6 0.7510416666666667 0.23958333333333334 0.08020833333333334 0.028125
6 0.7541666666666667 0.3104166666666667 0.08125 0.027083333333333334
6 0.925 0.023958333333333335 0.07291666666666667 0.026041666666666668
6 0.928125 0.09375 0.06979166666666667 0.027083333333333334
6 0.9291666666666667 0.16354166666666667 0.08541666666666667 0.025
6 0.9375 0.2375 0.07291666666666667 0.03229166666666667
6 0.940625 0.3072916666666667 0.075 0.028125
6 0.7677083333333333 0.390625 0.07708333333333334 0.03333333333333333
6 0.946875 0.384375 0.06979166666666667 0.03125
6 0.571875 0.390625 0.08229166666666667 0.03229166666666667
6 0.7802083333333333 0.44895833333333335 0.07708333333333334 0.034375
6 0.946875 0.44895833333333335 0.08020833333333334 0.03229166666666667
6 0.58125 0.4552083333333333 0.06458333333333334 0.03125
6 0.346875 0.4635416666666667 0.07916666666666666 0.03125
6 0.08958333333333333 0.47291666666666665 0.090625 0.03854166666666667
6 0.3541666666666667 0.5302083333333333 0.08541666666666667 0.03854166666666667
6 0.08958333333333333 0.54375 0.09479166666666666 0.03854166666666667
6 0.353125 0.596875 0.08541666666666667 0.03333333333333333
6 0.08645833333333333 0.6135416666666667 0.09166666666666666 0.035416666666666666
6 0.6010416666666667 0.5864583333333333 0.078125 0.028125
6 0.5854166666666667 0.5177083333333333 0.07291666666666667 0.03125
6 0.8020833333333334 0.503125 0.0875 0.03229166666666667
6 0.8041666666666667 0.578125 0.07916666666666666 0.030208333333333334
6 0.946875 0.578125 0.07708333333333334 0.030208333333333334
6 0.084375 0.6854166666666667 0.09583333333333334 0.035416666666666666
6 0.3385416666666667 0.671875 0.08333333333333333 0.03333333333333333
6 0.6052083333333333 0.6572916666666667 0.078125 0.03229166666666667
6 0.8114583333333333 0.6489583333333333 0.06145833333333333 0.028125
6 0.8135416666666667 0.7427083333333333 0.075 0.034375
6 0.609375 0.7458333333333333 0.08541666666666667 0.030208333333333334
6 0.3416666666666667 0.746875 0.078125 0.034375
6 0.090625 0.7520833333333333 0.08645833333333333 0.0375