6 0.1375 0.07708333333333334 0.13854166666666667 0.053125
6 0.34479166666666666 0.07604166666666666 0.13229166666666667 0.05
6 0.09895833333333333 0.16041666666666668 0.10729166666666666 0.03958333333333333
6 0.2875 0.15520833333333334 0.14375 0.042708333333333334
6 0.09895833333333333 0.23020833333333332 0.128125 0.03958333333333333
6 0.26979166666666665 0.228125 0.109375 0.021875
6 0.45729166666666665 0.23229166666666667 0.11875 0.023958333333333335
6 0.5822916666666667 0.08020833333333334 0.11458333333333333 0.04375
6 0.5270833333333333 0.153125 0.11770833333333333 0.042708333333333334
6 0.6625 0.23333333333333334 0.11458333333333333 0.023958333333333335
6 0.7864583333333334 0.09166666666666666 0.1 0.03854166666666667
6 0.746875 0.159375 0.12916666666666668 0.035416666666666666
6 0.7979166666666667 0.2989583333333333 0.1 0.041666666666666664
6 0.709375 0.38125 0.15625 0.029166666666666667
6 0.7489583333333333 0.43125 0.15520833333333334 0.030208333333333334
6 0.5520833333333334 0.4375 0.146875 0.03125
6 0.49166666666666664 0.3802083333333333 0.15833333333333333 0.029166666666666667
6 0.8677083333333333 0.4864583333333333 0.09895833333333333 0.03854166666666667
6 0.7041666666666667 0.4947916666666667 0.14166666666666666 0.040625
6 0.5208333333333334 0.5010416666666667 0.13645833333333332 0.040625
6 0.09270833333333334 0.38333333333333336 0.121875 0.036458333333333336
6 0.2791666666666667 0.37916666666666665 0.14479166666666668 0.029166666666666667
6 0.12291666666666666 0.4479166666666667 0.15520833333333334 0.040625
6 0.3385416666666667 0.4375 0.1375 0.029166666666666667
6 0.12291666666666666 0.5229166666666667 0.14375 0.041666666666666664
6 0.3125 0.515625 0.125 0.03125
6 0.7416666666666667 0.6229166666666667 0.17604166666666668 0.0375
6 0.86875 0.5510416666666667 0.09791666666666667 0.035416666666666666
6 0.7197916666666667 0.5614583333333333 0.1375 0.040625
6 0.5083333333333333 0.559375 0.11458333333333333 0.03958333333333333
6 0.49895833333333334 0.6364583333333333 0.17083333333333334 0.03854166666666667
6 0.11666666666666667 0.5895833333333333 0.13229166666666667 0.03958333333333333
6 0.103125 0.653125 0.11666666666666667 0.042708333333333334
6 0.11354166666666667 0.7177083333333333 0.10625 0.036458333333333336
6 0.08854166666666667 0.7864583333333334 0.09166666666666666 0.040625
6 0.24791666666666667 0.778125 0.12291666666666666 0.028125
6 0.28020833333333334 0.703125 0.11458333333333333 0.034375
6 0.290625 0.6385416666666667 0.12708333333333333 0.034375
6 0.31145833333333334 0.5708333333333333 0.146875 0.04479166666666667
6 0.10104166666666667 0.853125 0.109375 0.03958333333333333
6 0.1125 0.9177083333333333 0.10625 0.0375
6 0.2760416666666667 0.9114583333333334 0.12291666666666666 0.046875
6 0.4239583333333333 0.921875 0.1 0.028125
6 0.56875 0.9177083333333333 0.11458333333333333 0.027083333333333334
6 0.734375 0.91875 0.11979166666666667 0.027083333333333334
6 0.265625 0.8447916666666667 0.12083333333333333 0.03125
6 0.4583333333333333 0.8395833333333333 0.16354166666666667 0.030208333333333334
6 0.671875 0.8354166666666667 0.15104166666666666 0.028125
6 0.8302083333333333 0.8322916666666667 0.09375 0.029166666666666667
6 0.44583333333333336 0.7739583333333333 0.1 0.030208333333333334
6 0.6270833333333333 0.7666666666666667 0.08958333333333333 0.03125
6 0.7854166666666667 0.7635416666666667 0.10208333333333333 0.03229166666666667
6 0.45208333333333334 0.6958333333333333 0.11458333333333333 0.035416666666666666
6 0.659375 0.6822916666666666 0.109375 0.036458333333333336
6 0.8333333333333334 0.68125 0.12708333333333333 0.030208333333333334