9 0.209375 0.10833333333333334 0.171875 0.030208333333333334
9 0.20208333333333334 0.16979166666666667 0.159375 0.03229166666666667
9 0.20104166666666667 0.22916666666666666 0.17083333333333334 0.034375
9 0.2 0.2916666666666667 0.16145833333333334 0.035416666666666666
9 0.4822916666666667 0.10729166666666666 0.17083333333333334 0.036458333333333336
9 0.4666666666666667 0.15520833333333334 0.14583333333333334 0.0375
9 0.46458333333333335 0.20833333333333334 0.14166666666666666 0.041666666666666664
9 0.46979166666666666 0.2708333333333333 0.16458333333333333 0.041666666666666664
9 0.4625 0.33125 0.15208333333333332 0.040625
9 0.18645833333333334 0.3645833333333333 0.16666666666666666 0.03333333333333333
9 0.45729166666666665 0.38333333333333336 0.140625 0.03333333333333333
9 0.18229166666666666 0.42604166666666665 0.15416666666666667 0.03125
9 0.446875 0.43333333333333335 0.1375 0.034375
9 0.16666666666666666 0.48125 0.14479166666666668 0.034375
9 0.175 0.5354166666666667 0.16875 0.03854166666666667
9 0.1625 0.6020833333333333 0.159375 0.03333333333333333
9 0.44375 0.490625 0.12916666666666668 0.034375
9 0.4322916666666667 0.54375 0.13020833333333334 0.03333333333333333
9 0.4395833333333333 0.5947916666666667 0.14375 0.03229166666666667
9 0.43333333333333335 0.6541666666666667 0.153125 0.03125
9 0.15729166666666666 0.65625 0.16979166666666667 0.035416666666666666
9 0.15208333333333332 0.7208333333333333 0.15625 0.041666666666666664
9 0.16041666666666668 0.78125 0.17083333333333334 0.03958333333333333
9 0.4239583333333333 0.7010416666666667 0.159375 0.03333333333333333
9 0.41354166666666664 0.759375 0.15416666666666667 0.0375
9 0.409375 0.8177083333333334 0.15 0.029166666666666667
9 0.15416666666666667 0.8364583333333333 0.165625 0.040625
9 0.159375 0.9 0.16979166666666667 0.03333333333333333
9 0.40625 0.8739583333333333 0.17708333333333334 0.034375
9 0.6479166666666667 0.9135416666666667 0.16875 0.028125
9 0.6729166666666667 0.8427083333333333 0.21458333333333332 0.03125
9 0.6864583333333333 0.7833333333333333 0.22291666666666668 0.03229166666666667
9 0.6822916666666666 0.7145833333333333 0.21354166666666666 0.03229166666666667
9 0.6770833333333334 0.6583333333333333 0.190625 0.03333333333333333
9 0.6822916666666666 0.6020833333333333 0.190625 0.03229166666666667
9 0.6833333333333333 0.5416666666666666 0.18854166666666666 0.03229166666666667