0 0.11354166666666667 0.06875 0.18125 0.075
0 0.1125 0.15625 0.16979166666666667 0.07291666666666667
0 0.115625 0.24479166666666666 0.16354166666666667 0.07604166666666666
0 0.425 0.06666666666666667 0.16666666666666666 0.07291666666666667
0 0.690625 0.059375 0.15520833333333334 0.06875
0 0.909375 0.057291666666666664 0.16145833333333334 0.06979166666666667
0 0.41875 0.14895833333333333 0.18333333333333332 0.06875
0 0.696875 0.13854166666666667 0.171875 0.065625
0 0.9041666666666667 0.13645833333333332 0.16354166666666667 0.06354166666666666
0 0.4166666666666667 0.23333333333333334 0.18333333333333332 0.06666666666666667
0 0.703125 0.22083333333333333 0.17395833333333333 0.06875
0 0.90625 0.21979166666666666 0.15520833333333334 0.0625
0 0.11770833333333333 0.328125 0.16770833333333332 0.06458333333333334
0 0.409375 0.321875 0.17604166666666668 0.059375
0 0.7041666666666667 0.309375 0.18125 0.06875
0 0.9114583333333334 0.30833333333333335 0.15625 0.059375
0 0.125 0.41041666666666665 0.17604166666666668 0.07083333333333333
0 0.4125 0.40208333333333335 0.178125 0.065625
0 0.13020833333333334 0.5166666666666667 0.17916666666666667 0.078125
0 0.13645833333333332 0.60625 0.178125 0.071875
0 0.12916666666666668 0.7010416666666667 0.18333333333333332 0.06979166666666667
0 0.13020833333333334 0.8114583333333333 0.17916666666666667 0.07291666666666667
0 0.14583333333333334 0.921875 0.18541666666666667 0.08125
0 0.42083333333333334 0.503125 0.19583333333333333 0.065625
0 0.4239583333333333 0.5947916666666667 0.19375 0.06979166666666667
0 0.4270833333333333 0.7 0.20833333333333334 0.07291666666666667
0 0.4375 0.8020833333333334 0.215625 0.06458333333333334
0 0.43645833333333334 0.921875 0.203125 0.078125
0 0.74375 0.9166666666666666 0.2 0.071875
0 0.9229166666666667 0.9177083333333333 0.13229166666666667 0.06041666666666667
0 0.7104166666666667 0.3927083333333333 0.17604166666666668 0.06666666666666667
0 0.91875 0.39166666666666666 0.15104166666666666 0.065625
0 0.7145833333333333 0.490625 0.16875 0.065625
0 0.7197916666666667 0.5822916666666667 0.15729166666666666 0.06666666666666667
0 0.7229166666666667 0.6875 0.18125 0.06875
0 0.73125 0.79375 0.18541666666666667 0.071875
0 0.9166666666666666 0.7916666666666666 0.14270833333333333 0.0625
0 0.9166666666666666 0.6864583333333333 0.146875 0.06354166666666666
0 0.9197916666666667 0.5770833333333333 0.14895833333333333 0.059375
0 0.9197916666666667 0.4822916666666667 0.13958333333333334 0.06458333333333334