3 0.14791666666666667 0.08020833333333334 0.18333333333333332 0.03958333333333333
3 0.525 0.075 0.22083333333333333 0.04583333333333333
3 0.7854166666666667 0.078125 0.171875 0.04479166666666667
3 0.7895833333333333 0.14895833333333333 0.190625 0.04791666666666667
3 0.49895833333333334 0.171875 0.20520833333333333 0.05416666666666667
3 0.16041666666666668 0.16979166666666667 0.17708333333333334 0.052083333333333336
3 0.15625 0.26979166666666665 0.19479166666666667 0.04895833333333333
3 0.49583333333333335 0.2552083333333333 0.22291666666666668 0.052083333333333336
3 0.784375 0.22708333333333333 0.20625 0.03854166666666667
3 0.775 0.29270833333333335 0.19375 0.04375
3 0.4864583333333333 0.3541666666666667 0.2125 0.040625
3 0.14270833333333333 0.371875 0.16770833333333332 0.040625
3 0.778125 0.36666666666666664 0.21666666666666667 0.058333333333333334
3 0.18229166666666666 0.44895833333333335 0.24479166666666666 0.05625
3 0.4125 0.44479166666666664 0.14479166666666668 0.041666666666666664
3 0.7145833333333333 0.44166666666666665 0.190625 0.03854166666666667
3 0.13854166666666667 0.525 0.2 0.06770833333333333
3 0.41770833333333335 0.5145833333333333 0.16770833333333332 0.059375
3 0.7197916666666667 0.5072916666666667 0.17083333333333334 0.05520833333333333
3 0.75 0.603125 0.18541666666666667 0.036458333333333336
3 0.14270833333333333 0.6041666666666666 0.146875 0.035416666666666666
3 0.409375 0.5916666666666667 0.14479166666666668 0.029166666666666667
3 0.134375 0.6875 0.14895833333333333 0.04895833333333333
3 0.42291666666666666 0.6697916666666667 0.14166666666666666 0.042708333333333334
3 0.7489583333333333 0.6604166666666667 0.18645833333333334 0.036458333333333336
3 0.17291666666666666 0.7666666666666667 0.20520833333333333 0.053125
3 0.46458333333333335 0.7520833333333333 0.19583333333333333 0.04583333333333333
3 0.7572916666666667 0.7447916666666666 0.225 0.051041666666666666
3 0.18645833333333334 0.8677083333333333 0.24895833333333334 0.06354166666666666
3 0.48854166666666665 0.8447916666666667 0.19791666666666666 0.046875
3 0.7364583333333333 0.840625 0.16354166666666667 0.046875
3 0.725 0.9208333333333333 0.16875 0.04479166666666667
3 0.18333333333333332 0.9427083333333334 0.215625 0.053125
3 0.48333333333333334 0.925 0.21354166666666666 0.06041666666666667