4 0.16354166666666667 0.09895833333333333 0.26979166666666665 0.13020833333333334
4 0.7260416666666667 0.1 0.334375 0.121875
4 0.14895833333333333 0.31145833333333334 0.2520833333333333 0.125
4 0.5520833333333334 0.3145833333333333 0.25 0.12604166666666666
4 0.8552083333333333 0.32083333333333336 0.23020833333333332 0.128125
4 0.14895833333333333 0.49895833333333334 0.23125 0.13333333333333333
4 0.5510416666666667 0.5020833333333333 0.27395833333333336 0.11770833333333333
4 0.865625 0.5072916666666667 0.2375 0.12291666666666666
4 0.14895833333333333 0.6541666666666667 0.23125 0.11145833333333334
4 0.53125 0.65 0.24895833333333334 0.10833333333333334
4 0.859375 0.65625 0.23645833333333333 0.11041666666666666
4 0.28958333333333336 0.8104166666666667 0.46041666666666664 0.165625
4 0.634375 0.8229166666666666 0.203125 0.19791666666666666
4 0.825 0.8135416666666667 0.2 0.15833333333333333