9 0.15208333333333332 0.05416666666666667 0.171875 0.041666666666666664
9 0.38333333333333336 0.04479166666666667 0.18645833333333334 0.041666666666666664
9 0.678125 0.030208333333333334 0.14375 0.03229166666666667
9 0.9 0.023958333333333335 0.14375 0.027083333333333334
9 0.68125 0.07604166666666666 0.16041666666666668 0.03333333333333333
9 0.384375 0.10104166666666667 0.17604166666666668 0.03854166666666667
9 0.1375 0.11875 0.171875 0.034375
9 0.13020833333333334 0.18020833333333333 0.16875 0.0375
9 0.12916666666666668 0.23541666666666666 0.184375 0.03958333333333333
9 0.38229166666666664 0.165625 0.18541666666666667 0.040625
9 0.6958333333333333 0.13645833333333332 0.18333333333333332 0.035416666666666666
9 0.7 0.2 0.178125 0.03125
9 0.4166666666666667 0.21354166666666666 0.25729166666666664 0.040625
9 0.11875 0.31875 0.14479166666666668 0.03229166666666667
9 0.38229166666666664 0.2989583333333333 0.18541666666666667 0.03125
9 0.6135416666666667 0.29270833333333335 0.165625 0.034375
9 0.8479166666666667 0.2791666666666667 0.171875 0.035416666666666666
9 0.815625 0.34375 0.15520833333333334 0.03854166666666667
9 0.5947916666666667 0.359375 0.14791666666666667 0.036458333333333336
9 0.3645833333333333 0.375 0.178125 0.036458333333333336
9 0.12916666666666668 0.39895833333333336 0.16354166666666667 0.042708333333333334
9 0.13229166666666667 0.46979166666666666 0.16458333333333333 0.04375
9 0.36041666666666666 0.45208333333333334 0.16666666666666666 0.03854166666666667
9 0.5947916666666667 0.4322916666666667 0.16354166666666667 0.035416666666666666
9 0.8135416666666667 0.41770833333333335 0.16354166666666667 0.0375
9 0.175 0.5416666666666666 0.24270833333333333 0.053125
9 0.45 0.5177083333333333 0.17083333333333334 0.041666666666666664
9 0.6885416666666667 0.5020833333333333 0.18333333333333332 0.03854166666666667
9 0.884375 0.484375 0.14375 0.035416666666666666
9 0.140625 0.6135416666666667 0.159375 0.041666666666666664
9 0.3625 0.5885416666666666 0.16354166666666667 0.04375
9 0.575 0.5729166666666666 0.13229166666666667 0.030208333333333334
9 0.7927083333333333 0.55625 0.16458333333333333 0.035416666666666666
9 0.12916666666666668 0.6770833333333334 0.14791666666666667 0.042708333333333334
9 0.353125 0.6520833333333333 0.15104166666666666 0.03958333333333333
9 0.5958333333333333 0.634375 0.15520833333333334 0.040625
9 0.8 0.6072916666666667 0.171875 0.040625
9 0.14166666666666666 0.7416666666666667 0.15 0.03958333333333333
9 0.35625 0.7229166666666667 0.14791666666666667 0.03229166666666667
9 0.5989583333333334 0.690625 0.16875 0.03854166666666667
9 0.8083333333333333 0.6708333333333333 0.16458333333333333 0.034375
9 0.14895833333333333 0.8072916666666666 0.15729166666666666 0.036458333333333336
9 0.3802083333333333 0.7885416666666667 0.16666666666666666 0.0375
9 0.6041666666666666 0.7697916666666667 0.146875 0.03333333333333333
9 0.8020833333333334 0.759375 0.15729166666666666 0.030208333333333334
9 0.146875 0.859375 0.146875 0.034375
9 0.34479166666666666 0.84375 0.18958333333333333 0.03854166666666667
9 0.590625 0.83125 0.1625 0.03229166666666667
9 0.796875 0.8208333333333333 0.16458333333333333 0.03333333333333333
9 0.16770833333333332 0.9166666666666666 0.19166666666666668 0.042708333333333334
9 0.43854166666666666 0.9 0.20104166666666667 0.041666666666666664
9 0.675 0.8864583333333333 0.16458333333333333 0.03958333333333333
9 0.8583333333333333 0.8770833333333333 0.128125 0.023958333333333335
9 0.23125 0.95625 0.16666666666666666 0.0375
9 0.4708333333333333 0.95 0.17916666666666667 0.035416666666666666
9 0.68125 0.94375 0.20833333333333334 0.035416666666666666
9 0.8875 0.9322916666666666 0.12916666666666668 0.03125