0 0.15729166666666666 0.058333333333333334 0.19791666666666666 0.06458333333333334
0 0.39375 0.05625 0.16458333333333333 0.06354166666666666
0 0.6010416666666667 0.057291666666666664 0.146875 0.057291666666666664
0 0.7927083333333333 0.053125 0.15625 0.046875
0 0.109375 0.16041666666666668 0.134375 0.04791666666666667
0 0.3333333333333333 0.159375 0.19791666666666666 0.059375
0 0.5854166666666667 0.15208333333333332 0.21770833333333334 0.04479166666666667
0 0.81875 0.15729166666666666 0.15208333333333332 0.03854166666666667
0 0.09583333333333334 0.24375 0.13645833333333332 0.03854166666666667
0 0.3177083333333333 0.23854166666666668 0.221875 0.0375
0 0.5666666666666667 0.22916666666666666 0.159375 0.03854166666666667
0 0.8114583333333333 0.22916666666666666 0.178125 0.04375
0 0.8291666666666667 0.3125 0.13020833333333334 0.036458333333333336
0 0.7583333333333333 0.48125 0.11354166666666667 0.035416666666666666
0 0.825 0.3927083333333333 0.15625 0.040625
0 0.365625 0.4739583333333333 0.21041666666666667 0.041666666666666664
0 0.35 0.39166666666666666 0.20104166666666667 0.042708333333333334
0 0.3385416666666667 0.5479166666666667 0.203125 0.040625
0 0.11875 0.7010416666666667 0.18854166666666666 0.058333333333333334
0 0.384375 0.6885416666666667 0.21354166666666666 0.04583333333333333
0 0.6135416666666667 0.7677083333333333 0.18645833333333334 0.04895833333333333
0 0.140625 0.7822916666666667 0.184375 0.05625
0 0.3885416666666667 0.7760416666666666 0.16875 0.04895833333333333
0 0.8135416666666667 0.7677083333333333 0.14375 0.04791666666666667
0 0.7958333333333333 0.6802083333333333 0.16770833333333332 0.052083333333333336