12 0.24791666666666667 0.9333333333333333 0.36875 0.096875
12 0.7177083333333333 0.8854166666666666 0.41875 0.15416666666666667
12 0.240625 0.775 0.36875 0.17708333333333334
12 0.7416666666666667 0.7052083333333333 0.440625 0.11458333333333333
12 0.2552083333333333 0.6010416666666667 0.38958333333333334 0.1375
12 0.7177083333333333 0.5614583333333333 0.4322916666666667 0.09895833333333333
12 0.25833333333333336 0.4510416666666667 0.4 0.13541666666666666
12 0.703125 0.428125 0.409375 0.13125
12 0.2552083333333333 0.290625 0.40729166666666666 0.13854166666666667
12 0.6697916666666667 0.26875 0.35104166666666664 0.13125
12 0.19166666666666668 0.12291666666666666 0.2791666666666667 0.140625
12 0.525 0.12083333333333333 0.30833333333333335 0.14375
12 0.8322916666666667 0.1 0.24479166666666666 0.13333333333333333