12 0.209375 0.10104166666666667 0.3385416666666667 0.121875
12 0.66875 0.1125 0.5083333333333333 0.13229166666666667
12 0.240625 0.2604166666666667 0.396875 0.090625
12 0.7197916666666667 0.278125 0.459375 0.09583333333333334
12 0.22604166666666667 0.3958333333333333 0.34479166666666666 0.08541666666666667
12 0.6677083333333333 0.390625 0.409375 0.07395833333333333
12 0.678125 0.49895833333333334 0.4395833333333333 0.07083333333333333
12 0.196875 0.5239583333333333 0.35104166666666664 0.08958333333333333
12 0.215625 0.6395833333333333 0.3020833333333333 0.10520833333333333
12 0.53125 0.6145833333333334 0.24583333333333332 0.0875
12 0.8395833333333333 0.6052083333333333 0.21979166666666666 0.07395833333333333
12 0.21041666666666667 0.7625 0.34479166666666666 0.11875
12 0.515625 0.7520833333333333 0.23020833333333332 0.11666666666666667
12 0.8145833333333333 0.7322916666666667 0.21770833333333334 0.08333333333333333
12 0.2864583333333333 0.884375 0.5041666666666667 0.09270833333333334
12 0.740625 0.8697916666666666 0.353125 0.090625