7 0.30625 0.07916666666666666 0.396875 0.06770833333333333
7 0.3020833333333333 0.18958333333333333 0.3875 0.06458333333333334
7 0.28125 0.27395833333333336 0.3854166666666667 0.071875
7 0.71875 0.06145833333333333 0.3302083333333333 0.05416666666666667
7 0.7020833333333333 0.165625 0.3489583333333333 0.06354166666666666
7 0.6958333333333333 0.253125 0.39479166666666665 0.065625
7 0.684375 0.33645833333333336 0.40520833333333334 0.06666666666666667
7 0.6958333333333333 0.42083333333333334 0.3958333333333333 0.059375
7 0.6958333333333333 0.5427083333333333 0.446875 0.057291666666666664
7 0.265625 0.3625 0.36354166666666665 0.078125
7 0.2604166666666667 0.44479166666666664 0.41041666666666665 0.075
7 0.23645833333333333 0.534375 0.384375 0.06041666666666667
7 0.24166666666666667 0.63125 0.35625 0.04895833333333333
7 0.22083333333333333 0.7260416666666667 0.3416666666666667 0.053125
7 0.21666666666666667 0.825 0.30416666666666664 0.05520833333333333
7 0.21041666666666667 0.9052083333333333 0.30833333333333335 0.041666666666666664
7 0.6520833333333333 0.9020833333333333 0.44895833333333335 0.053125
7 0.6427083333333333 0.8177083333333334 0.503125 0.07291666666666667
7 0.6822916666666666 0.728125 0.36354166666666665 0.06875
7 0.68125 0.6208333333333333 0.45729166666666665 0.065625