13 0.29791666666666666 0.13125 0.39166666666666666 0.04895833333333333
13 0.30833333333333335 0.190625 0.37083333333333335 0.04479166666666667
13 0.31666666666666665 0.22916666666666666 0.365625 0.04895833333333333
13 0.7885416666666667 0.05625 0.3385416666666667 0.04791666666666667
13 0.8114583333333333 0.115625 0.3260416666666667 0.04791666666666667
13 0.8145833333333333 0.17604166666666668 0.3104166666666667 0.042708333333333334
13 0.31979166666666664 0.278125 0.37916666666666665 0.05520833333333333
13 0.8197916666666667 0.2375 0.30625 0.04479166666666667
13 0.8135416666666667 0.29791666666666666 0.26875 0.041666666666666664
13 0.8114583333333333 0.4197916666666667 0.28541666666666665 0.05416666666666667
13 0.8479166666666667 0.46875 0.26666666666666666 0.04791666666666667
13 0.8239583333333333 0.578125 0.29270833333333335 0.04895833333333333
13 0.8302083333333333 0.5145833333333333 0.290625 0.05
13 0.24479166666666666 0.6322916666666667 0.3416666666666667 0.052083333333333336
13 0.7020833333333333 0.6427083333333333 0.390625 0.042708333333333334
13 0.23333333333333334 0.7072916666666667 0.3625 0.036458333333333336
13 0.6729166666666667 0.70625 0.37604166666666666 0.0375
13 0.22916666666666666 0.771875 0.33645833333333336 0.03125
13 0.5958333333333333 0.7666666666666667 0.2791666666666667 0.035416666666666666
13 0.20208333333333334 0.8302083333333333 0.28020833333333334 0.03333333333333333
13 0.5 0.8208333333333333 0.278125 0.036458333333333336
13 0.7885416666666667 0.8104166666666667 0.24791666666666667 0.040625
13 0.1875 0.890625 0.23958333333333334 0.03333333333333333
13 0.47708333333333336 0.8875 0.26458333333333334 0.03333333333333333
13 0.7604166666666666 0.875 0.21354166666666666 0.035416666666666666