0 0.103125 0.2833333333333333 0.12916666666666668 0.03229166666666667
0 0.23958333333333334 0.2833333333333333 0.11458333333333333 0.03229166666666667
0 0.3729166666666667 0.28020833333333334 0.1125 0.03854166666666667
0 0.5083333333333333 0.28020833333333334 0.09791666666666667 0.03854166666666667
0 0.109375 0.33958333333333335 0.13854166666666667 0.035416666666666666
0 0.2833333333333333 0.3375 0.12708333333333333 0.034375
0 0.434375 0.33645833333333336 0.12604166666666666 0.03125
0 0.596875 0.22916666666666666 0.10208333333333333 0.026041666666666668
0 0.6458333333333334 0.2791666666666667 0.11458333333333333 0.028125
0 0.73125 0.23020833333333332 0.10208333333333333 0.036458333333333336
0 0.8541666666666666 0.23333333333333334 0.12083333333333333 0.03333333333333333
0 0.7947916666666667 0.2833333333333333 0.10416666666666667 0.035416666666666666
0 0.9010416666666666 0.28541666666666665 0.11875 0.04375
0 0.7385416666666667 0.44375 0.1125 0.035416666666666666
0 0.8729166666666667 0.44583333333333336 0.10729166666666666 0.027083333333333334