0 0.115625 0.059375 0.14166666666666666 0.05
0 0.490625 0.06145833333333333 0.15416666666666667 0.04479166666666667
0 0.853125 0.234375 0.12395833333333334 0.036458333333333336
0 0.5958333333333333 0.23020833333333332 0.10625 0.027083333333333334
0 0.42604166666666665 0.23229166666666667 0.12291666666666666 0.03854166666666667
0 0.7291666666666666 0.23020833333333332 0.10208333333333333 0.034375
0 0.7927083333333333 0.2864583333333333 0.09895833333333333 0.036458333333333336
0 0.9 0.2875 0.11458333333333333 0.04895833333333333
0 0.64375 0.2791666666666667 0.11875 0.03333333333333333
0 0.5072916666666667 0.28020833333333334 0.10625 0.034375
0 0.375 0.28229166666666666 0.11875 0.03333333333333333
0 0.23958333333333334 0.2833333333333333 0.11875 0.03125
0 0.10104166666666667 0.2833333333333333 0.128125 0.035416666666666666
0 0.10729166666666666 0.33958333333333335 0.13958333333333334 0.036458333333333336
0 0.28229166666666666 0.3375 0.13125 0.036458333333333336
0 0.43333333333333335 0.3385416666666667 0.12916666666666668 0.03854166666666667
0 0.740625 0.44375 0.1125 0.03958333333333333
0 0.871875 0.44479166666666664 0.11041666666666666 0.028125
0 0.821875 0.6583333333333333 0.15520833333333334 0.051041666666666666
0 0.2916666666666667 0.5979166666666667 0.15729166666666666 0.04791666666666667
0 0.43020833333333336 0.9208333333333333 0.20104166666666667 0.059375
0 0.18229166666666666 0.9322916666666666 0.20729166666666668 0.053125