7 0.3104166666666667 0.08125 0.42083333333333334 0.065625
7 0.2791666666666667 0.175 0.43333333333333335 0.06979166666666667
7 0.7145833333333333 0.1625 0.3802083333333333 0.052083333333333336
7 0.278125 0.24479166666666666 0.4166666666666667 0.059375
7 0.7239583333333334 0.23229166666666667 0.39791666666666664 0.05625
7 0.284375 0.33645833333333336 0.403125 0.07291666666666667
7 0.7166666666666667 0.31354166666666666 0.39166666666666666 0.059375
7 0.27291666666666664 0.41354166666666664 0.4 0.058333333333333334
7 0.7052083333333333 0.39375 0.42083333333333334 0.05
7 0.30520833333333336 0.4947916666666667 0.47708333333333336 0.06666666666666667
7 0.7583333333333333 0.48020833333333335 0.33645833333333336 0.051041666666666666
7 0.3020833333333333 0.5635416666666667 0.4875 0.06666666666666667
7 0.7583333333333333 0.5479166666666667 0.340625 0.051041666666666666
7 0.3072916666666667 0.6416666666666667 0.4666666666666667 0.071875
7 0.7625 0.6208333333333333 0.37604166666666666 0.053125
7 0.7229166666666667 0.703125 0.38958333333333334 0.051041666666666666
7 0.2677083333333333 0.725 0.403125 0.07395833333333333
7 0.25625 0.8010416666666667 0.37604166666666666 0.071875
7 0.6979166666666666 0.7864583333333334 0.45208333333333334 0.051041666666666666
7 0.24895833333333334 0.8833333333333333 0.3875 0.05
7 0.7010416666666667 0.88125 0.44375 0.05
7 0.7520833333333333 0.06666666666666667 0.3854166666666667 0.06979166666666667