0 0.22604166666666667 0.07604166666666666 0.303125 0.05625
0 0.13020833333333334 0.15208333333333332 0.11666666666666667 0.05
0 0.5322916666666667 0.075 0.19583333333333333 0.052083333333333336
0 0.39375 0.14375 0.14375 0.041666666666666664
0 0.25833333333333336 0.14791666666666667 0.08541666666666667 0.040625
0 0.146875 0.22083333333333333 0.140625 0.046875
0 0.3385416666666667 0.215625 0.16875 0.04895833333333333
0 0.5270833333333333 0.21145833333333333 0.13229166666666667 0.041666666666666664
0 0.7895833333333333 0.071875 0.2375 0.05
0 0.584375 0.13958333333333334 0.17083333333333334 0.03958333333333333
0 0.7864583333333334 0.1375 0.15520833333333334 0.0375
0 0.7354166666666667 0.209375 0.16770833333333332 0.04479166666666667
0 0.890625 0.20729166666666668 0.10833333333333334 0.042708333333333334
0 0.8239583333333333 0.28958333333333336 0.08020833333333334 0.046875
0 0.6989583333333333 0.29583333333333334 0.08854166666666667 0.051041666666666666
0 0.571875 0.2947916666666667 0.06979166666666667 0.05
0 0.12916666666666668 0.3145833333333333 0.084375 0.053125
0 0.27708333333333335 0.30625 0.096875 0.052083333333333336
0 0.42916666666666664 0.30104166666666665 0.08229166666666667 0.04895833333333333
0 0.14375 0.41354166666666664 0.134375 0.052083333333333336
0 0.309375 0.4083333333333333 0.12395833333333334 0.046875
0 0.46458333333333335 0.4 0.11666666666666667 0.04375
0 0.628125 0.39166666666666666 0.13229166666666667 0.04479166666666667
0 0.7989583333333333 0.38229166666666664 0.13229166666666667 0.04479166666666667
0 0.865625 0.4583333333333333 0.08333333333333333 0.04375
0 0.7177083333333333 0.4625 0.153125 0.042708333333333334
0 0.5197916666666667 0.471875 0.14583333333333334 0.04479166666666667
0 0.146875 0.4895833333333333 0.13958333333333334 0.05
0 0.3302083333333333 0.478125 0.15104166666666666 0.04479166666666667
0 0.15208333333333332 0.5645833333333333 0.165625 0.04895833333333333
0 0.34375 0.55 0.146875 0.046875
0 0.5145833333333333 0.54375 0.12395833333333334 0.04375
0 0.671875 0.5385416666666667 0.128125 0.040625
0 0.8177083333333334 0.5291666666666667 0.11145833333333334 0.0375
0 0.7989583333333333 0.6270833333333333 0.15416666666666667 0.04375
0 0.6145833333333334 0.6322916666666667 0.18333333333333332 0.04791666666666667
0 0.16041666666666668 0.6541666666666667 0.17708333333333334 0.051041666666666666
0 0.384375 0.6416666666666667 0.16875 0.06041666666666667
0 0.15729166666666666 0.7354166666666667 0.16666666666666666 0.057291666666666664
0 0.41875 0.721875 0.26458333333333334 0.04479166666666667
0 0.35625 0.8041666666666667 0.18125 0.053125
0 0.15104166666666666 0.8166666666666667 0.14895833333333333 0.04479166666666667
0 0.18958333333333333 0.8833333333333333 0.225 0.042708333333333334
0 0.45208333333333334 0.8708333333333333 0.20416666666666666 0.03958333333333333
0 0.17604166666666668 0.9447916666666667 0.15416666666666667 0.04583333333333333
0 0.3489583333333333 0.9354166666666667 0.11458333333333333 0.04479166666666667
0 0.5020833333333333 0.940625 0.13229166666666667 0.05520833333333333
0 0.590625 0.8 0.16875 0.05
0 0.6822916666666666 0.8708333333333333 0.16666666666666666 0.04895833333333333
0 0.78125 0.7947916666666667 0.16145833333333334 0.04375
0 0.6729166666666667 0.9375 0.14791666666666667 0.04895833333333333
0 0.68125 0.7208333333333333 0.21354166666666666 0.04895833333333333
0 0.85 0.7135416666666666 0.09270833333333334 0.041666666666666664
0 0.8635416666666667 0.8666666666666667 0.12916666666666668 0.04583333333333333
0 0.8385416666666666 0.9322916666666666 0.13854166666666667 0.04583333333333333