8 0.22291666666666668 0.11666666666666667 0.375 0.12708333333333333
8 0.19166666666666668 0.321875 0.3125 0.09479166666666666
8 0.19270833333333334 0.4583333333333333 0.3145833333333333 0.0875
8 0.6166666666666667 0.11666666666666667 0.2708333333333333 0.109375
8 0.5958333333333333 0.28125 0.2947916666666667 0.090625
8 0.6354166666666666 0.42291666666666666 0.353125 0.07916666666666666
8 0.6614583333333334 0.5416666666666666 0.33958333333333335 0.08125
8 0.19583333333333333 0.5822916666666667 0.3125 0.09166666666666666
8 0.215625 0.6947916666666667 0.3572916666666667 0.08854166666666667
8 0.6760416666666667 0.6677083333333333 0.359375 0.08645833333333333
8 0.64375 0.7822916666666667 0.30416666666666664 0.07916666666666666
8 0.20208333333333334 0.7947916666666667 0.35520833333333335 0.09375
8 0.6395833333333333 0.9010416666666666 0.30833333333333335 0.10416666666666667
8 0.22604166666666667 0.9114583333333334 0.38125 0.10833333333333334