10 0.22291666666666668 0.07708333333333334 0.35 0.0375
10 0.221875 0.12395833333333334 0.3697916666666667 0.0375
10 0.22395833333333334 0.19583333333333333 0.38125 0.053125
10 0.7135416666666666 0.08958333333333333 0.3729166666666667 0.03854166666666667
10 0.7135416666666666 0.14895833333333333 0.39791666666666664 0.04479166666666667
10 0.709375 0.20208333333333334 0.4041666666666667 0.041666666666666664
10 0.228125 0.265625 0.37604166666666666 0.046875
10 0.728125 0.265625 0.415625 0.051041666666666666
10 0.21979166666666666 0.384375 0.3885416666666667 0.058333333333333334
10 0.22604166666666667 0.33125 0.38645833333333335 0.053125
10 0.225 0.4625 0.384375 0.0625
10 0.746875 0.4666666666666667 0.46041666666666664 0.04583333333333333
10 0.7364583333333333 0.4041666666666667 0.446875 0.06354166666666666
10 0.22916666666666666 0.525 0.3854166666666667 0.05416666666666667
10 0.7427083333333333 0.5229166666666667 0.45208333333333334 0.04375
10 0.23333333333333334 0.5875 0.39375 0.041666666666666664
10 0.6572916666666667 0.5885416666666666 0.3729166666666667 0.0375
10 0.22291666666666668 0.6458333333333334 0.3145833333333333 0.03958333333333333
10 0.6802083333333333 0.6395833333333333 0.37916666666666665 0.0375
10 0.23020833333333332 0.7104166666666667 0.321875 0.036458333333333336
10 0.6854166666666667 0.703125 0.3958333333333333 0.04583333333333333
10 0.259375 0.7708333333333334 0.29791666666666666 0.034375
10 0.25416666666666665 0.8354166666666667 0.3020833333333333 0.040625
10 0.25625 0.8875 0.30416666666666664 0.030208333333333334
10 0.6666666666666666 0.7677083333333333 0.34791666666666665 0.034375
10 0.68125 0.8270833333333333 0.35104166666666664 0.04479166666666667
10 0.65 0.8979166666666667 0.31875 0.036458333333333336