7 0.3020833333333333 0.090625 0.39791666666666664 0.06875
7 0.7166666666666667 0.071875 0.33541666666666664 0.058333333333333334
7 0.7020833333333333 0.17708333333333334 0.3572916666666667 0.071875
7 0.29791666666666666 0.20208333333333334 0.39166666666666666 0.06770833333333333
7 0.27708333333333335 0.28854166666666664 0.39375 0.07291666666666667
7 0.6947916666666667 0.2677083333333333 0.40729166666666666 0.07604166666666666
7 0.2635416666666667 0.3802083333333333 0.36770833333333336 0.08020833333333334
7 0.6833333333333333 0.353125 0.41458333333333336 0.075
7 0.25625 0.46145833333333336 0.41458333333333336 0.078125
7 0.6958333333333333 0.43854166666666666 0.403125 0.06458333333333334
7 0.23541666666666666 0.5541666666666667 0.38958333333333334 0.06875
7 0.696875 0.5604166666666667 0.45729166666666665 0.0625
7 0.23854166666666668 0.6510416666666666 0.36041666666666666 0.05416666666666667
7 0.6833333333333333 0.6395833333333333 0.46979166666666666 0.06875
7 0.68125 0.7489583333333333 0.3729166666666667 0.07083333333333333
7 0.21875 0.746875 0.35 0.059375
7 0.215625 0.8510416666666667 0.309375 0.0625
7 0.64375 0.840625 0.5072916666666667 0.075
7 0.21041666666666667 0.928125 0.3177083333333333 0.04479166666666667
7 0.653125 0.9270833333333334 0.45208333333333334 0.05520833333333333