0 0.21770833333333334 0.07395833333333333 0.31145833333333334 0.06041666666666667
0 0.5291666666666667 0.07395833333333333 0.20625 0.057291666666666664
0 0.7916666666666666 0.06770833333333333 0.24583333333333332 0.051041666666666666
0 0.12291666666666666 0.15208333333333332 0.11979166666666667 0.051041666666666666
0 0.2552083333333333 0.14791666666666667 0.08541666666666667 0.041666666666666664
0 0.39166666666666666 0.14375 0.14895833333333333 0.040625
0 0.334375 0.21770833333333334 0.17083333333333334 0.05
0 0.13958333333333334 0.22083333333333333 0.14791666666666667 0.04583333333333333
0 0.12291666666666666 0.31666666666666665 0.0875 0.053125
0 0.27395833333333336 0.309375 0.09791666666666667 0.052083333333333336
0 0.4270833333333333 0.303125 0.08020833333333334 0.04895833333333333
0 0.584375 0.13958333333333334 0.17604166666666668 0.042708333333333334
0 0.5260416666666666 0.21145833333333333 0.134375 0.042708333333333334
0 0.7375 0.20729166666666668 0.16979166666666667 0.046875
0 0.790625 0.134375 0.1625 0.036458333333333336
0 0.8979166666666667 0.203125 0.11145833333333334 0.04479166666666667
0 0.56875 0.296875 0.06979166666666667 0.04791666666666667
0 0.7 0.296875 0.08854166666666667 0.05
0 0.828125 0.28854166666666664 0.08229166666666667 0.04791666666666667
0 0.8010416666666667 0.38333333333333336 0.13854166666666667 0.046875
0 0.6270833333333333 0.39375 0.13229166666666667 0.04479166666666667
0 0.8697916666666666 0.459375 0.0875 0.04583333333333333
0 0.7177083333333333 0.4635416666666667 0.15416666666666667 0.042708333333333334
0 0.5177083333333333 0.47291666666666665 0.14583333333333334 0.04479166666666667
0 0.13958333333333334 0.4166666666666667 0.13854166666666667 0.052083333333333336
0 0.3072916666666667 0.41041666666666665 0.12708333333333333 0.046875
0 0.4635416666666667 0.4010416666666667 0.11979166666666667 0.042708333333333334
0 0.14270833333333333 0.49166666666666664 0.14270833333333333 0.05
0 0.32708333333333334 0.4791666666666667 0.153125 0.04479166666666667
0 0.5125 0.5447916666666667 0.121875 0.04375
0 0.6708333333333333 0.5395833333333333 0.128125 0.040625
0 0.8197916666666667 0.5302083333333333 0.11458333333333333 0.036458333333333336
0 0.803125 0.628125 0.15729166666666666 0.04375
0 0.6135416666666667 0.6322916666666667 0.184375 0.04583333333333333
0 0.6802083333333333 0.7229166666666667 0.21354166666666666 0.04583333333333333
0 0.8541666666666666 0.7166666666666667 0.096875 0.03854166666666667
0 0.14791666666666667 0.5666666666666667 0.16875 0.05
0 0.340625 0.5520833333333334 0.146875 0.04791666666666667
0 0.15625 0.65625 0.18020833333333333 0.052083333333333336
0 0.38333333333333336 0.6447916666666667 0.16979166666666667 0.06041666666666667
0 0.15 0.740625 0.171875 0.058333333333333334
0 0.41770833333333335 0.7239583333333334 0.26666666666666666 0.04791666666666667
0 0.590625 0.8041666666666667 0.16979166666666667 0.05
0 0.7864583333333334 0.7989583333333333 0.16666666666666666 0.042708333333333334
0 0.6833333333333333 0.8760416666666667 0.16979166666666667 0.051041666666666666
0 0.86875 0.8729166666666667 0.13125 0.04479166666666667
0 0.84375 0.9385416666666667 0.140625 0.04583333333333333
0 0.675 0.94375 0.14791666666666667 0.05
0 0.5020833333333333 0.946875 0.13229166666666667 0.05520833333333333
0 0.17083333333333334 0.95 0.15208333333333332 0.04583333333333333
0 0.34479166666666666 0.9416666666666667 0.11458333333333333 0.042708333333333334
0 0.184375 0.8885416666666667 0.228125 0.04479166666666667
0 0.45 0.8760416666666667 0.20729166666666668 0.0375
0 0.14479166666666668 0.8208333333333333 0.15104166666666666 0.04583333333333333
0 0.35208333333333336 0.8083333333333333 0.18229166666666666 0.052083333333333336