9 0.14583333333333334 0.08125 0.14479166666666668 0.029166666666666667
9 0.14583333333333334 0.12395833333333334 0.15729166666666666 0.03229166666666667
9 0.1375 0.190625 0.13645833333333332 0.030208333333333334
9 0.14375 0.246875 0.16145833333333334 0.034375
9 0.13229166666666667 0.29791666666666666 0.13125 0.03229166666666667
9 0.15833333333333333 0.33958333333333335 0.18541666666666667 0.0375
9 0.146875 0.38958333333333334 0.16145833333333334 0.036458333333333336
9 0.134375 0.45208333333333334 0.1375 0.035416666666666666
9 0.4270833333333333 0.44895833333333335 0.14791666666666667 0.029166666666666667
9 0.41770833333333335 0.4010416666666667 0.13958333333333334 0.023958333333333335
9 0.42604166666666665 0.34479166666666666 0.15520833333333334 0.03125
9 0.43333333333333335 0.23958333333333334 0.17083333333333334 0.034375
9 0.4239583333333333 0.18229166666666666 0.171875 0.03229166666666667
9 0.4322916666666667 0.125 0.18958333333333333 0.0375
9 0.42291666666666666 0.06979166666666667 0.165625 0.03125
9 0.7041666666666667 0.165625 0.15520833333333334 0.026041666666666668
9 0.6770833333333334 0.26458333333333334 0.15729166666666666 0.036458333333333336
9 0.7020833333333333 0.334375 0.1625 0.026041666666666668
9 0.7177083333333333 0.384375 0.18333333333333332 0.03229166666666667
9 0.7166666666666667 0.44166666666666665 0.18645833333333334 0.03854166666666667
9 0.7229166666666667 0.5020833333333333 0.19583333333333333 0.03125
9 0.41875 0.6333333333333333 0.16354166666666667 0.022916666666666665
9 0.10729166666666666 0.775 0.159375 0.03229166666666667
9 0.40208333333333335 0.7604166666666666 0.1625 0.036458333333333336
9 0.4125 0.7020833333333333 0.17291666666666666 0.03229166666666667
9 0.6645833333333333 0.69375 0.15 0.025
9 0.13333333333333333 0.64375 0.18854166666666666 0.03333333333333333
9 0.6552083333333333 0.7520833333333333 0.15104166666666666 0.03125
9 0.146875 0.840625 0.16770833333333332 0.03125
9 0.40625 0.8291666666666667 0.18541666666666667 0.0375
9 0.146875 0.8947916666666667 0.16145833333333334 0.03333333333333333
9 0.14895833333333333 0.95 0.16875 0.035416666666666666
9 0.365625 0.94375 0.16875 0.034375
9 0.6458333333333334 0.9364583333333333 0.16458333333333333 0.03125
9 0.665625 0.8135416666666667 0.17083333333333334 0.027083333333333334
9 0.6916666666666667 0.21875 0.128125 0.023958333333333335