8 0.22395833333333334 0.103125 0.36770833333333336 0.12291666666666666
8 0.6145833333333334 0.10729166666666666 0.27708333333333335 0.09895833333333333
8 0.18645833333333334 0.303125 0.296875 0.09270833333333334
8 0.596875 0.271875 0.30416666666666664 0.09270833333333334
8 0.190625 0.44166666666666665 0.31145833333333334 0.090625
8 0.6322916666666667 0.4125 0.3614583333333333 0.08645833333333333
8 0.196875 0.565625 0.32083333333333336 0.08958333333333333
8 0.653125 0.5333333333333333 0.34270833333333334 0.0875
8 0.21354166666666666 0.6791666666666667 0.3572916666666667 0.09166666666666666
8 0.66875 0.6614583333333334 0.3614583333333333 0.0875
8 0.19583333333333333 0.7802083333333333 0.353125 0.0875
8 0.22083333333333333 0.890625 0.37604166666666666 0.10625
8 0.6354166666666666 0.775 0.2989583333333333 0.08125
8 0.6291666666666667 0.8875 0.290625 0.10104166666666667