12 0.3729166666666667 0.8760416666666667 0.2989583333333333 0.18229166666666666
12 0.7677083333333333 0.825 0.4375 0.13020833333333334
12 0.11770833333333333 0.71875 0.19583333333333333 0.16041666666666668
12 0.41041666666666665 0.6875 0.378125 0.12708333333333333
12 0.7979166666666667 0.6791666666666667 0.31875 0.13854166666666667
12 0.28020833333333334 0.509375 0.378125 0.14479166666666668
12 0.7385416666666667 0.48854166666666665 0.37083333333333335 0.16875
12 0.28541666666666665 0.30625 0.43854166666666666 0.17916666666666667
12 0.734375 0.29583333333333334 0.41041666666666665 0.165625
12 0.24895833333333334 0.1125 0.3854166666666667 0.153125
12 0.7229166666666667 0.10104166666666667 0.44166666666666665 0.14166666666666666