10 0.2625 0.052083333333333336 0.36770833333333336 0.042708333333333334
10 0.6697916666666667 0.046875 0.41041666666666665 0.040625
10 0.26875 0.11770833333333333 0.37083333333333335 0.051041666666666666
10 0.25416666666666665 0.178125 0.3645833333333333 0.06145833333333333
10 0.253125 0.2635416666666667 0.359375 0.06875
10 0.253125 0.33958333333333335 0.3770833333333333 0.04479166666666667
10 0.16458333333333333 0.4041666666666667 0.2125 0.04479166666666667
10 0.425 0.3927083333333333 0.24166666666666667 0.040625
10 0.6895833333333333 0.3260416666666667 0.4 0.0375
10 0.6885416666666667 0.25104166666666666 0.39166666666666666 0.051041666666666666
10 0.6885416666666667 0.17708333333333334 0.3875 0.06458333333333334
10 0.66875 0.10729166666666666 0.4 0.03229166666666667
10 0.684375 0.39166666666666666 0.20104166666666667 0.035416666666666666
10 0.25104166666666666 0.475 0.3854166666666667 0.042708333333333334
10 0.6364583333333333 0.465625 0.29270833333333335 0.0375
10 0.2760416666666667 0.5395833333333333 0.45 0.053125
10 0.25625 0.6104166666666667 0.428125 0.04583333333333333
10 0.74375 0.5260416666666666 0.3927083333333333 0.036458333333333336
10 0.2375 0.6885416666666667 0.378125 0.042708333333333334
10 0.27395833333333336 0.7489583333333333 0.4708333333333333 0.035416666666666666
10 0.26979166666666665 0.8020833333333334 0.446875 0.040625
10 0.7239583333333334 0.6 0.39895833333333336 0.04479166666666667
10 0.68125 0.6854166666666667 0.35833333333333334 0.034375
10 0.6989583333333333 0.753125 0.321875 0.035416666666666666
10 0.690625 0.8041666666666667 0.3260416666666667 0.030208333333333334
10 0.7010416666666667 0.8572916666666667 0.31875 0.036458333333333336
10 0.2708333333333333 0.85625 0.4666666666666667 0.035416666666666666
10 0.14583333333333334 0.9041666666666667 0.203125 0.03958333333333333
10 0.43854166666666666 0.90625 0.271875 0.03229166666666667
10 0.7302083333333333 0.9104166666666667 0.23020833333333332 0.03229166666666667