10 0.209375 0.10104166666666667 0.3020833333333333 0.059375
10 0.24895833333333334 0.20625 0.3854166666666667 0.07395833333333333
10 0.7802083333333333 0.07708333333333334 0.29270833333333335 0.06354166666666666
10 0.775 0.18125 0.33645833333333336 0.0625
10 0.7510416666666667 0.303125 0.3729166666666667 0.06875
10 0.23229166666666667 0.31145833333333334 0.35520833333333335 0.078125
10 0.24166666666666667 0.44895833333333335 0.3770833333333333 0.09895833333333333
10 0.740625 0.4427083333333333 0.4010416666666667 0.07708333333333334
10 0.24375 0.5854166666666667 0.3770833333333333 0.11354166666666667
10 0.7427083333333333 0.565625 0.4125 0.0875
10 0.24895833333333334 0.7145833333333333 0.3875 0.10520833333333333
10 0.734375 0.696875 0.39166666666666666 0.06875
10 0.746875 0.803125 0.425 0.06875
10 0.271875 0.9239583333333333 0.43020833333333336 0.09375
10 0.7614583333333333 0.896875 0.428125 0.06979166666666667