13 0.275 0.07604166666666666 0.3375 0.051041666666666666
13 0.27291666666666664 0.16041666666666668 0.36041666666666666 0.053125
13 0.27291666666666664 0.22604166666666667 0.359375 0.04791666666666667
13 0.2791666666666667 0.27291666666666664 0.36666666666666664 0.05
13 0.228125 0.346875 0.309375 0.057291666666666664
13 0.21770833333333334 0.39479166666666665 0.3104166666666667 0.05
13 0.2677083333333333 0.46041666666666664 0.40520833333333334 0.05
13 0.29270833333333335 0.509375 0.3645833333333333 0.041666666666666664
13 0.28958333333333336 0.5645833333333333 0.37395833333333334 0.05520833333333333
13 0.28958333333333336 0.625 0.38333333333333336 0.05416666666666667
13 0.303125 0.684375 0.38333333333333336 0.05625
13 0.309375 0.74375 0.3614583333333333 0.03958333333333333
13 0.30833333333333335 0.8145833333333333 0.365625 0.06770833333333333
13 0.3385416666666667 0.875 0.32083333333333336 0.06041666666666667
13 0.7447916666666666 0.8677083333333333 0.33541666666666664 0.05625
13 0.7364583333333333 0.8020833333333334 0.34375 0.051041666666666666
13 0.7322916666666667 0.74375 0.34375 0.04375
13 0.728125 0.6854166666666667 0.35104166666666664 0.06041666666666667
13 0.7197916666666667 0.6260416666666667 0.3385416666666667 0.06145833333333333
13 0.7125 0.559375 0.34270833333333334 0.040625
13 0.7052083333333333 0.4947916666666667 0.34375 0.035416666666666666
13 0.6979166666666666 0.440625 0.3385416666666667 0.035416666666666666
13 0.6354166666666666 0.38645833333333335 0.4510416666666667 0.0375
13 0.6364583333333333 0.32708333333333334 0.453125 0.04375
13 0.6697916666666667 0.259375 0.37395833333333334 0.04791666666666667
13 0.6625 0.19791666666666666 0.36666666666666664 0.053125
13 0.6625 0.13333333333333333 0.359375 0.05625
13 0.6697916666666667 0.058333333333333334 0.328125 0.04583333333333333