8 0.19791666666666666 0.10208333333333333 0.26875 0.08958333333333333
8 0.5072916666666667 0.08125 0.24791666666666667 0.05625
8 0.25833333333333336 0.2677083333333333 0.39791666666666664 0.103125
8 0.8135416666666667 0.08958333333333333 0.2708333333333333 0.07291666666666667
8 0.7458333333333333 0.2635416666666667 0.38333333333333336 0.11458333333333333
8 0.21770833333333334 0.475 0.3572916666666667 0.11979166666666667
8 0.6677083333333333 0.47291666666666665 0.3104166666666667 0.090625
8 0.23333333333333334 0.671875 0.365625 0.11458333333333333
8 0.678125 0.671875 0.359375 0.10208333333333333
8 0.246875 0.8375 0.34375 0.0875
8 0.6510416666666666 0.8447916666666667 0.30416666666666664 0.12083333333333333