10 0.20104166666666667 0.121875 0.28854166666666664 0.07708333333333334
10 0.20104166666666667 0.19479166666666667 0.2989583333333333 0.05416666666666667
10 0.203125 0.253125 0.29270833333333335 0.042708333333333334
10 0.20416666666666666 0.303125 0.28958333333333336 0.05520833333333333
10 0.20520833333333333 0.359375 0.28958333333333336 0.06145833333333333
10 0.25729166666666664 0.440625 0.378125 0.05
10 0.23229166666666667 0.525 0.3489583333333333 0.058333333333333334
10 0.23125 0.5989583333333334 0.34479166666666666 0.03333333333333333
10 0.3 0.6635416666666667 0.3416666666666667 0.04479166666666667
10 0.27708333333333335 0.7625 0.31979166666666664 0.042708333333333334
10 0.253125 0.85 0.2947916666666667 0.034375
10 0.21666666666666667 0.9260416666666667 0.24479166666666666 0.041666666666666664
10 0.725 0.9354166666666667 0.2677083333333333 0.04791666666666667
10 0.7322916666666667 0.8604166666666667 0.31145833333333334 0.052083333333333336
10 0.715625 0.753125 0.3385416666666667 0.046875
10 0.740625 0.6583333333333333 0.28958333333333336 0.051041666666666666
10 0.7104166666666667 0.5885416666666666 0.321875 0.04791666666666667
10 0.6572916666666667 0.5020833333333333 0.34791666666666665 0.03958333333333333
10 0.6635416666666667 0.4166666666666667 0.38333333333333336 0.057291666666666664
10 0.8291666666666667 0.23125 0.27395833333333336 0.06770833333333333