5 0.24166666666666667 0.03333333333333333 0.08020833333333334 0.026041666666666668
5 0.265625 0.11875 0.12708333333333333 0.036458333333333336
5 0.63125 0.036458333333333336 0.11145833333333334 0.036458333333333336
5 0.253125 0.19791666666666666 0.08125 0.026041666666666668
5 0.6447916666666667 0.11354166666666667 0.146875 0.040625
5 0.6427083333333333 0.17916666666666667 0.13541666666666666 0.03854166666666667
5 0.23541666666666666 0.26666666666666666 0.065625 0.020833333333333332
5 0.65 0.25625 0.13541666666666666 0.03958333333333333
5 0.27708333333333335 0.3885416666666667 0.184375 0.046875
5 0.6770833333333334 0.37083333333333335 0.171875 0.04479166666666667
5 0.2760416666666667 0.5458333333333333 0.15 0.04791666666666667
5 0.7239583333333334 0.51875 0.22083333333333333 0.06979166666666667
5 0.20208333333333334 0.6604166666666667 0.12708333333333333 0.04375
5 0.321875 0.7604166666666666 0.10729166666666666 0.0375
5 0.6322916666666667 0.6541666666666667 0.109375 0.036458333333333336