12 0.21041666666666667 0.10416666666666667 0.325 0.11875
12 0.6635416666666667 0.115625 0.49270833333333336 0.12916666666666668
12 0.24375 0.2625 0.384375 0.08229166666666667
12 0.7125 0.278125 0.44166666666666665 0.08958333333333333
12 0.225 0.3927083333333333 0.33541666666666664 0.084375
12 0.6635416666666667 0.38645833333333335 0.4 0.07395833333333333
12 0.19479166666666667 0.5197916666666667 0.34375 0.09166666666666666
12 0.6708333333333333 0.49375 0.43333333333333335 0.075
12 0.21458333333333332 0.6354166666666666 0.28958333333333336 0.10208333333333333
12 0.5291666666666667 0.6104166666666667 0.24166666666666667 0.08854166666666667
12 0.8322916666666667 0.5989583333333334 0.21041666666666667 0.07916666666666666
12 0.21145833333333333 0.7583333333333333 0.334375 0.11458333333333333
12 0.5145833333333333 0.74375 0.22291666666666668 0.1125
12 0.8083333333333333 0.7270833333333333 0.20729166666666668 0.08333333333333333
12 0.2864583333333333 0.8770833333333333 0.49583333333333335 0.08645833333333333
12 0.7375 0.8625 0.340625 0.08229166666666667