3 0.15 0.07291666666666667 0.11979166666666667 0.034375
3 0.40208333333333335 0.075 0.096875 0.029166666666666667
3 0.14270833333333333 0.125 0.10729166666666666 0.026041666666666668
3 0.1375 0.16770833333333332 0.09895833333333333 0.029166666666666667
3 0.1375 0.20833333333333334 0.09270833333333334 0.023958333333333335
3 0.39375 0.13020833333333334 0.09166666666666666 0.029166666666666667
3 0.384375 0.17083333333333334 0.096875 0.023958333333333335
3 0.3875 0.20729166666666668 0.096875 0.027083333333333334
3 0.6520833333333333 0.07604166666666666 0.09895833333333333 0.027083333333333334
3 0.6541666666666667 0.13020833333333334 0.09166666666666666 0.022916666666666665
3 0.64375 0.165625 0.08958333333333333 0.020833333333333332
3 0.6489583333333333 0.20416666666666666 0.096875 0.023958333333333335
3 0.6375 0.315625 0.08854166666666667 0.026041666666666668
3 0.38645833333333335 0.3177083333333333 0.09270833333333334 0.029166666666666667
3 0.140625 0.30833333333333335 0.096875 0.036458333333333336
3 0.8447916666666667 0.058333333333333334 0.203125 0.04895833333333333
3 0.8427083333333333 0.15 0.16770833333333332 0.05625
3 0.840625 0.253125 0.19479166666666667 0.06354166666666666
3 0.8322916666666667 0.359375 0.18645833333333334 0.06145833333333333
3 0.40208333333333335 0.41875 0.078125 0.030208333333333334
3 0.13541666666666666 0.4354166666666667 0.0875 0.026041666666666668
3 0.128125 0.55 0.084375 0.021875
3 0.40625 0.4739583333333333 0.146875 0.03333333333333333
3 0.6416666666666667 0.409375 0.08541666666666667 0.026041666666666668
3 0.8458333333333333 0.440625 0.128125 0.04791666666666667
3 0.678125 0.459375 0.14479166666666668 0.03333333333333333
3 0.859375 0.5208333333333334 0.16354166666666667 0.06770833333333333
3 0.6604166666666667 0.525 0.08229166666666667 0.030208333333333334
3 0.41458333333333336 0.5354166666666667 0.096875 0.027083333333333334
3 0.13333333333333333 0.6635416666666667 0.08541666666666667 0.03229166666666667
3 0.43333333333333335 0.646875 0.08958333333333333 0.026041666666666668
3 0.690625 0.6260416666666667 0.08645833333333333 0.025
3 0.13958333333333334 0.8854166666666666 0.10625 0.030208333333333334
3 0.1375 0.784375 0.09270833333333334 0.03333333333333333
3 0.4552083333333333 0.771875 0.096875 0.03125
3 0.71875 0.7489583333333333 0.08958333333333333 0.03333333333333333
3 0.7302083333333333 0.8322916666666667 0.08229166666666667 0.029166666666666667
3 0.4739583333333333 0.8583333333333333 0.08645833333333333 0.03125