10 0.13125 0.014583333333333334 0.16666666666666666 0.029166666666666667
10 0.13229166666666667 0.07291666666666667 0.16979166666666667 0.027083333333333334
10 0.140625 0.13541666666666666 0.18125 0.029166666666666667
10 0.19791666666666666 0.19479166666666667 0.30833333333333335 0.0375
10 0.20833333333333334 0.2708333333333333 0.34375 0.035416666666666666
10 0.5302083333333333 0.03854166666666667 0.17083333333333334 0.03229166666666667
10 0.54375 0.08645833333333333 0.175 0.028125
10 0.6614583333333334 0.13958333333333334 0.3875 0.030208333333333334
10 0.684375 0.18958333333333333 0.40208333333333335 0.046875
10 0.6833333333333333 0.26145833333333335 0.4322916666666667 0.058333333333333334
10 0.690625 0.340625 0.43020833333333336 0.05416666666666667
10 0.21354166666666666 0.35520833333333335 0.36354166666666665 0.042708333333333334
10 0.22395833333333334 0.42916666666666664 0.390625 0.053125
10 0.23645833333333333 0.503125 0.4125 0.05
10 0.24166666666666667 0.5770833333333333 0.4166666666666667 0.051041666666666666
10 0.7010416666666667 0.4083333333333333 0.41875 0.06145833333333333
10 0.7 0.484375 0.42291666666666666 0.06770833333333333
10 0.7322916666666667 0.5510416666666667 0.44166666666666665 0.0625
10 0.7541666666666667 0.6260416666666667 0.4270833333333333 0.07291666666666667
10 0.7604166666666666 0.71875 0.4270833333333333 0.07395833333333333
10 0.775 0.8114583333333333 0.403125 0.06458333333333334
10 0.790625 0.9302083333333333 0.3854166666666667 0.07395833333333333
10 0.290625 0.95625 0.5260416666666666 0.06041666666666667
10 0.275 0.8510416666666667 0.490625 0.09270833333333334
10 0.26145833333333335 0.753125 0.46875 0.06979166666666667
10 0.253125 0.6572916666666667 0.44479166666666664 0.06875