3 0.16354166666666667 0.06666666666666667 0.09375 0.030208333333333334
3 0.17083333333333334 0.153125 0.09583333333333334 0.027083333333333334
3 0.38229166666666664 0.07291666666666667 0.096875 0.027083333333333334
3 0.39166666666666666 0.15104166666666666 0.09270833333333334 0.030208333333333334
3 0.16041666666666668 0.2375 0.08125 0.028125
3 0.3958333333333333 0.23229166666666667 0.09479166666666666 0.025
3 0.603125 0.071875 0.109375 0.025
3 0.796875 0.07291666666666667 0.11145833333333334 0.027083333333333334
3 0.6083333333333333 0.14791666666666667 0.07916666666666666 0.028125
3 0.81875 0.15104166666666666 0.09270833333333334 0.028125
3 0.5947916666666667 0.22916666666666666 0.06875 0.027083333333333334
3 0.8197916666666667 0.22083333333333333 0.07395833333333333 0.03125
3 0.5916666666666667 0.3177083333333333 0.08229166666666667 0.025
3 0.8270833333333333 0.30625 0.08958333333333333 0.023958333333333335
3 0.5947916666666667 0.3958333333333333 0.08229166666666667 0.026041666666666668
3 0.8114583333333333 0.3875 0.09375 0.03125
3 0.590625 0.4875 0.08229166666666667 0.028125
3 0.8083333333333333 0.475 0.09270833333333334 0.027083333333333334
3 0.6041666666666666 0.5791666666666667 0.09479166666666666 0.025
3 0.8052083333333333 0.5583333333333333 0.10416666666666667 0.029166666666666667
3 0.15729166666666666 0.33645833333333336 0.08541666666666667 0.029166666666666667
3 0.39895833333333336 0.328125 0.090625 0.03125
3 0.15104166666666666 0.43125 0.09375 0.030208333333333334
3 0.390625 0.41354166666666664 0.10520833333333333 0.03229166666666667
3 0.14895833333333333 0.5322916666666667 0.08645833333333333 0.028125
3 0.38645833333333335 0.5072916666666667 0.09895833333333333 0.034375
3 0.159375 0.628125 0.0875 0.034375
3 0.38229166666666664 0.60625 0.09375 0.026041666666666668
3 0.165625 0.7052083333333333 0.1 0.03229166666666667
3 0.3854166666666667 0.690625 0.09583333333333334 0.030208333333333334
3 0.16979166666666667 0.78125 0.084375 0.03125
3 0.39375 0.771875 0.08958333333333333 0.036458333333333336
3 0.6083333333333333 0.6708333333333333 0.09270833333333334 0.03125
3 0.8177083333333334 0.65625 0.084375 0.03333333333333333
3 0.85 0.75 0.1 0.026041666666666668
3 0.628125 0.7541666666666667 0.096875 0.03854166666666667
3 0.6072916666666667 0.8541666666666666 0.09479166666666666 0.027083333333333334
3 0.8197916666666667 0.8395833333333333 0.0875 0.03125
3 0.4083333333333333 0.86875 0.096875 0.036458333333333336
3 0.18958333333333333 0.8802083333333334 0.08020833333333334 0.04583333333333333