11 0.3020833333333333 0.07291666666666667 0.2604166666666667 0.08020833333333334
11 0.6864583333333333 0.06666666666666667 0.37916666666666665 0.08541666666666667
11 0.32916666666666666 0.2 0.3625 0.12083333333333333
11 0.7447916666666666 0.17604166666666668 0.37083333333333335 0.1125
11 0.3104166666666667 0.35625 0.3260416666666667 0.12083333333333333
11 0.7416666666666667 0.33125 0.35520833333333335 0.1125
11 0.32395833333333335 0.5239583333333333 0.50625 0.165625
11 0.73125 0.5145833333333333 0.28020833333333334 0.178125
11 0.284375 0.734375 0.37083333333333335 0.15208333333333332
11 0.6989583333333333 0.7135416666666666 0.365625 0.190625
11 0.30104166666666665 0.9 0.41770833333333335 0.11875
11 0.7427083333333333 0.8864583333333333 0.340625 0.13541666666666666