10 0.29791666666666666 0.065625 0.40729166666666666 0.058333333333333334
10 0.2989583333333333 0.20520833333333333 0.4270833333333333 0.07395833333333333
10 0.76875 0.07291666666666667 0.32395833333333335 0.059375
10 0.7520833333333333 0.21875 0.31145833333333334 0.06458333333333334
10 0.7458333333333333 0.37916666666666665 0.3385416666666667 0.07604166666666666
10 0.2708333333333333 0.3572916666666667 0.34479166666666666 0.065625
10 0.25833333333333336 0.6385416666666667 0.3385416666666667 0.065625
10 0.2791666666666667 0.49270833333333336 0.37604166666666666 0.06875
10 0.74375 0.5395833333333333 0.35833333333333334 0.08125
10 0.7489583333333333 0.6947916666666667 0.39166666666666666 0.08125
10 0.265625 0.7729166666666667 0.35833333333333334 0.065625
10 0.7239583333333334 0.8052083333333333 0.35208333333333336 0.053125