11 0.26666666666666666 0.109375 0.43020833333333336 0.17395833333333333
11 0.7125 0.07395833333333333 0.38333333333333336 0.121875
11 0.28958333333333336 0.3 0.4375 0.221875
11 0.7479166666666667 0.26979166666666665 0.3729166666666667 0.20208333333333334
11 0.1125 0.5114583333333333 0.16145833333333334 0.16770833333333332
11 0.5802083333333333 0.471875 0.690625 0.15104166666666666
11 0.24166666666666667 0.6958333333333333 0.36354166666666665 0.17291666666666666
11 0.7052083333333333 0.6770833333333334 0.4666666666666667 0.19791666666666666
11 0.19166666666666668 0.8854166666666666 0.25833333333333336 0.125
11 0.49895833333333334 0.8770833333333333 0.3020833333333333 0.13333333333333333
11 0.8177083333333334 0.8552083333333333 0.2791666666666667 0.14479166666666668