6 0.07604166666666666 0.03125 0.07395833333333333 0.026041666666666668
6 0.07604166666666666 0.06041666666666667 0.07395833333333333 0.025
6 0.065625 0.09479166666666666 0.07916666666666666 0.029166666666666667
6 0.06666666666666667 0.1375 0.09166666666666666 0.03333333333333333
6 0.06458333333333334 0.18958333333333333 0.090625 0.026041666666666668
6 0.058333333333333334 0.24583333333333332 0.08541666666666667 0.03125
6 0.303125 0.04583333333333333 0.11875 0.034375
6 0.3 0.09583333333333334 0.08541666666666667 0.03333333333333333
6 0.30833333333333335 0.14791666666666667 0.09479166666666666 0.03229166666666667
6 0.3145833333333333 0.18645833333333334 0.090625 0.034375
6 0.31666666666666665 0.234375 0.1 0.03333333333333333
6 0.31666666666666665 0.29270833333333335 0.09375 0.040625
6 0.059375 0.30520833333333336 0.09895833333333333 0.03229166666666667
6 0.5677083333333334 0.04375 0.1125 0.036458333333333336
6 0.5625 0.10416666666666667 0.10729166666666666 0.036458333333333336
6 0.5614583333333333 0.15625 0.10416666666666667 0.041666666666666664
6 0.565625 0.20833333333333334 0.10416666666666667 0.03854166666666667
6 0.5677083333333334 0.2520833333333333 0.11666666666666667 0.035416666666666666
6 0.5677083333333334 0.309375 0.09270833333333334 0.035416666666666666
6 0.828125 0.04583333333333333 0.11145833333333334 0.03333333333333333
6 0.8229166666666666 0.090625 0.1 0.030208333333333334
6 0.821875 0.13333333333333333 0.10625 0.029166666666666667
6 0.8333333333333334 0.24583333333333332 0.1125 0.036458333333333336
6 0.5635416666666667 0.35625 0.1 0.034375
6 0.578125 0.4 0.11875 0.03333333333333333
6 0.56875 0.4583333333333333 0.11666666666666667 0.03854166666666667
6 0.575 0.5083333333333333 0.11458333333333333 0.035416666666666666
6 0.5760416666666667 0.553125 0.10729166666666666 0.03229166666666667
6 0.5864583333333333 0.640625 0.10729166666666666 0.03125
6 0.5833333333333334 0.6 0.09895833333333333 0.029166666666666667
6 0.8166666666666667 0.5947916666666667 0.10625 0.0375
6 0.8260416666666667 0.54375 0.14166666666666666 0.034375
6 0.8239583333333333 0.5 0.12291666666666666 0.03333333333333333
6 0.825 0.45625 0.109375 0.03854166666666667
6 0.8364583333333333 0.4083333333333333 0.121875 0.03958333333333333
6 0.7947916666666667 0.81875 0.090625 0.029166666666666667
6 0.56875 0.80625 0.121875 0.0375
6 0.596875 0.7447916666666666 0.09791666666666667 0.03125
6 0.8385416666666666 0.7604166666666666 0.11666666666666667 0.04895833333333333
6 0.5885416666666666 0.6927083333333334 0.11666666666666667 0.035416666666666666
6 0.821875 0.6395833333333333 0.11458333333333333 0.03333333333333333
6 0.778125 0.9135416666666667 0.09583333333333334 0.03333333333333333
6 0.528125 0.9177083333333333 0.096875 0.03125
6 0.5385416666666667 0.865625 0.096875 0.03333333333333333
6 0.7916666666666666 0.8697916666666666 0.109375 0.025
6 0.12395833333333334 0.9385416666666667 0.10833333333333334 0.030208333333333334
6 0.32708333333333334 0.9177083333333333 0.10416666666666667 0.03229166666666667
6 0.11145833333333334 0.8864583333333333 0.109375 0.04375
6 0.34479166666666666 0.8625 0.090625 0.030208333333333334
6 0.3541666666666667 0.8052083333333333 0.096875 0.03854166666666667
6 0.0875 0.821875 0.09375 0.042708333333333334
6 0.38645833333333335 0.7510416666666667 0.09895833333333333 0.0375
6 0.07604166666666666 0.7666666666666667 0.10416666666666667 0.036458333333333336
6 0.07708333333333334 0.71875 0.10416666666666667 0.03229166666666667
6 0.071875 0.6697916666666667 0.11041666666666666 0.03854166666666667
6 0.3770833333333333 0.69375 0.09791666666666667 0.03125
6 0.3697916666666667 0.640625 0.11041666666666666 0.0375
6 0.07291666666666667 0.61875 0.10416666666666667 0.030208333333333334
6 0.06979166666666667 0.5729166666666666 0.103125 0.028125
6 0.3729166666666667 0.5927083333333333 0.10208333333333333 0.030208333333333334
6 0.3625 0.5375 0.10208333333333333 0.03854166666666667
6 0.06458333333333334 0.5114583333333333 0.09270833333333334 0.03229166666666667
6 0.3385416666666667 0.496875 0.096875 0.034375
6 0.06354166666666666 0.46979166666666666 0.09895833333333333 0.028125
6 0.06041666666666667 0.4125 0.103125 0.036458333333333336
6 0.34375 0.4427083333333333 0.10416666666666667 0.036458333333333336
6 0.05520833333333333 0.36041666666666666 0.09583333333333334 0.030208333333333334
6 0.325 0.3885416666666667 0.09479166666666666 0.035416666666666666
6 0.31979166666666664 0.33958333333333335 0.08645833333333333 0.03229166666666667
6 0.83125 0.3 0.10520833333333333 0.05
6 0.8354166666666667 0.18854166666666666 0.10208333333333333 0.040625