1 0.303125 0.0875 0.41041666666666665 0.14375
1 0.7479166666666667 0.08958333333333333 0.425 0.15208333333333332
1 0.284375 0.296875 0.4322916666666667 0.13229166666666667
1 0.7354166666666667 0.265625 0.41458333333333336 0.125
1 0.28229166666666666 0.4708333333333333 0.45729166666666665 0.12708333333333333
1 0.7375 0.45416666666666666 0.421875 0.115625
1 0.24479166666666666 0.6364583333333333 0.40729166666666666 0.13229166666666667
1 0.7072916666666667 0.6166666666666667 0.46145833333333336 0.11875
1 0.21770833333333334 0.8020833333333334 0.4010416666666667 0.125
1 0.6895833333333333 0.784375 0.42083333333333334 0.13645833333333332
1 0.25729166666666664 0.9166666666666666 0.38958333333333334 0.090625
1 0.696875 0.9104166666666667 0.36770833333333336 0.10729166666666666