0 0.15208333333333332 0.06875 0.18333333333333332 0.0625
0 0.14583333333333334 0.178125 0.17708333333333334 0.07083333333333333
0 0.42916666666666664 0.06875 0.159375 0.06041666666666667
0 0.6614583333333334 0.07708333333333334 0.17291666666666666 0.0625
0 0.8875 0.07708333333333334 0.16145833333333334 0.06041666666666667
0 0.425 0.17708333333333334 0.16041666666666668 0.07395833333333333
0 0.6614583333333334 0.18229166666666666 0.15208333333333332 0.07604166666666666
0 0.8916666666666667 0.18125 0.15104166666666666 0.090625
0 0.14479166666666668 0.30416666666666664 0.16354166666666667 0.075
0 0.41875 0.3145833333333333 0.16666666666666666 0.07708333333333334
0 0.6645833333333333 0.31145833333333334 0.14270833333333333 0.059375
0 0.890625 0.31875 0.16666666666666666 0.05416666666666667
0 0.4114583333333333 0.43020833333333336 0.17395833333333333 0.07291666666666667
0 0.14166666666666666 0.43333333333333335 0.15416666666666667 0.08020833333333334
0 0.6572916666666667 0.43333333333333335 0.171875 0.06354166666666666
0 0.8947916666666667 0.4239583333333333 0.15 0.07916666666666666
0 0.13854166666666667 0.5520833333333334 0.15625 0.08125
0 0.40729166666666666 0.5552083333333333 0.19270833333333334 0.06458333333333334
0 0.6635416666666667 0.546875 0.15520833333333334 0.05625
0 0.8916666666666667 0.5447916666666667 0.14166666666666666 0.04791666666666667
0 0.13854166666666667 0.68125 0.15104166666666666 0.06770833333333333
0 0.41354166666666664 0.6697916666666667 0.16770833333333332 0.06354166666666666
0 0.6708333333333333 0.6583333333333333 0.16354166666666667 0.057291666666666664
0 0.8927083333333333 0.653125 0.14375 0.046875
0 0.91875 0.7739583333333333 0.134375 0.052083333333333336
0 0.6885416666666667 0.7802083333333333 0.16145833333333334 0.05625
0 0.409375 0.7895833333333333 0.14791666666666667 0.05
0 0.13541666666666666 0.7958333333333333 0.15416666666666667 0.057291666666666664
0 0.12395833333333334 0.9135416666666667 0.15625 0.06145833333333333
0 0.40625 0.9052083333333333 0.16145833333333334 0.059375
0 0.690625 0.8885416666666667 0.18020833333333333 0.052083333333333336
0 0.8979166666666667 0.8927083333333333 0.12708333333333333 0.06354166666666666