0 0.22395833333333334 0.06354166666666666 0.30416666666666664 0.05520833333333333
0 0.128125 0.140625 0.11666666666666667 0.051041666666666666
0 0.25625 0.13645833333333332 0.08541666666666667 0.040625
0 0.39166666666666666 0.13125 0.14375 0.03958333333333333
0 0.14375 0.20833333333333334 0.14166666666666666 0.04583333333333333
0 0.33645833333333336 0.20416666666666666 0.16979166666666667 0.04791666666666667
0 0.12604166666666666 0.3020833333333333 0.08333333333333333 0.053125
0 0.27291666666666664 0.2947916666666667 0.09479166666666666 0.051041666666666666
0 0.42604166666666665 0.28958333333333336 0.08125 0.05
0 0.5302083333333333 0.06354166666666666 0.19791666666666666 0.051041666666666666
0 0.7864583333333334 0.06145833333333333 0.2375 0.04895833333333333
0 0.5822916666666667 0.12916666666666668 0.17395833333333333 0.040625
0 0.7854166666666667 0.128125 0.16041666666666668 0.03854166666666667
0 0.7333333333333333 0.2 0.16979166666666667 0.04479166666666667
0 0.8875 0.196875 0.10833333333333334 0.041666666666666664
0 0.525 0.19895833333333332 0.13333333333333333 0.03958333333333333
0 0.5677083333333334 0.28541666666666665 0.06875 0.05
0 0.6958333333333333 0.2864583333333333 0.08854166666666667 0.051041666666666666
0 0.821875 0.28020833333333334 0.08020833333333334 0.04583333333333333
0 0.7947916666666667 0.3729166666666667 0.13333333333333333 0.04479166666666667
0 0.6260416666666667 0.3802083333333333 0.13125 0.04479166666666667
0 0.46041666666666664 0.3875 0.11770833333333333 0.041666666666666664
0 0.5145833333333333 0.46041666666666664 0.14583333333333334 0.04583333333333333
0 0.7145833333333333 0.45208333333333334 0.15416666666666667 0.04375
0 0.8604166666666667 0.44895833333333335 0.08125 0.04479166666666667
0 0.140625 0.4010416666666667 0.13541666666666666 0.051041666666666666
0 0.30520833333333336 0.396875 0.12708333333333333 0.04583333333333333
0 0.3260416666666667 0.465625 0.15416666666666667 0.04583333333333333
0 0.14270833333333333 0.47708333333333336 0.13854166666666667 0.04791666666666667
0 0.146875 0.5510416666666667 0.16354166666666667 0.04895833333333333
0 0.3385416666666667 0.5385416666666667 0.14791666666666667 0.04583333333333333
0 0.509375 0.5322916666666667 0.121875 0.04583333333333333
0 0.15416666666666667 0.640625 0.178125 0.04895833333333333
0 0.37916666666666665 0.6291666666666667 0.16875 0.059375
0 0.41354166666666664 0.7104166666666667 0.2635416666666667 0.04375
0 0.6666666666666666 0.528125 0.12604166666666666 0.040625
0 0.8125 0.51875 0.11041666666666666 0.036458333333333336
0 0.7947916666666667 0.615625 0.15208333333333332 0.042708333333333334
0 0.609375 0.6208333333333333 0.184375 0.046875
0 0.6739583333333333 0.709375 0.2125 0.04583333333333333
0 0.8447916666666667 0.703125 0.09479166666666666 0.040625
0 0.584375 0.7895833333333333 0.16875 0.05
0 0.7760416666666666 0.784375 0.16354166666666667 0.042708333333333334
0 0.675 0.8604166666666667 0.16770833333333332 0.04895833333333333
0 0.8572916666666667 0.8583333333333333 0.13125 0.046875
0 0.665625 0.9260416666666667 0.14791666666666667 0.04895833333333333
0 0.83125 0.921875 0.13645833333333332 0.04479166666666667
0 0.15 0.7229166666666667 0.16770833333333332 0.058333333333333334
0 0.14375 0.803125 0.15104166666666666 0.04479166666666667
0 0.35 0.790625 0.18125 0.051041666666666666
0 0.18229166666666666 0.8697916666666666 0.22604166666666667 0.042708333333333334
0 0.44583333333333336 0.859375 0.20520833333333333 0.0375
0 0.16875 0.93125 0.15416666666666667 0.046875
0 0.3416666666666667 0.921875 0.11458333333333333 0.040625
0 0.49583333333333335 0.928125 0.13125 0.05520833333333333