2 0.103125 0.040625 0.18541666666666667 0.035416666666666666
2 0.44895833333333335 0.04791666666666667 0.22395833333333334 0.03229166666666667
2 0.7895833333333333 0.071875 0.26979166666666665 0.03229166666666667
2 0.7760416666666666 0.12083333333333333 0.26458333333333334 0.03854166666666667
2 0.44583333333333336 0.084375 0.225 0.028125
2 0.10416666666666667 0.084375 0.190625 0.03125
2 0.103125 0.14270833333333333 0.18645833333333334 0.0375
2 0.43854166666666666 0.128125 0.23229166666666667 0.029166666666666667
2 0.7635416666666667 0.17916666666666667 0.26666666666666666 0.03229166666666667
2 0.10833333333333334 0.20833333333333334 0.19375 0.036458333333333336
2 0.109375 0.26145833333333335 0.19270833333333334 0.03854166666666667
2 0.428125 0.17916666666666667 0.21354166666666666 0.03125
2 0.425 0.21979166666666666 0.215625 0.028125
2 0.7489583333333333 0.22708333333333333 0.259375 0.035416666666666666
2 0.109375 0.31666666666666665 0.19166666666666668 0.03958333333333333
2 0.41770833333333335 0.2677083333333333 0.21354166666666666 0.03125
2 0.75625 0.28125 0.259375 0.0375
2 0.7552083333333334 0.33645833333333336 0.28020833333333334 0.041666666666666664
2 0.41875 0.3333333333333333 0.221875 0.03333333333333333
2 0.10625 0.36354166666666665 0.196875 0.03333333333333333
2 0.41875 0.38958333333333334 0.21041666666666667 0.034375
2 0.11354166666666667 0.4270833333333333 0.19791666666666666 0.03958333333333333
2 0.7552083333333334 0.3875 0.2760416666666667 0.03854166666666667
2 0.11666666666666667 0.49166666666666664 0.2125 0.03854166666666667
2 0.7364583333333333 0.44479166666666664 0.2635416666666667 0.034375
2 0.7489583333333333 0.50625 0.296875 0.03125
2 0.11354166666666667 0.546875 0.20833333333333334 0.036458333333333336
2 0.4125 0.5270833333333333 0.20833333333333334 0.03229166666666667
2 0.7489583333333333 0.56875 0.30416666666666664 0.036458333333333336
2 0.4114583333333333 0.4635416666666667 0.21770833333333334 0.0375
2 0.38958333333333334 0.5916666666666667 0.21041666666666667 0.03333333333333333
2 0.11354166666666667 0.6041666666666666 0.21770833333333334 0.03333333333333333
2 0.7479166666666667 0.621875 0.31354166666666666 0.036458333333333336
2 0.109375 0.659375 0.203125 0.036458333333333336
2 0.3958333333333333 0.646875 0.20520833333333333 0.029166666666666667
2 0.7302083333333333 0.6927083333333334 0.309375 0.034375
2 0.7260416666666667 0.7489583333333333 0.3020833333333333 0.040625
2 0.11041666666666666 0.7052083333333333 0.21041666666666667 0.030208333333333334
2 0.40625 0.6958333333333333 0.18645833333333334 0.029166666666666667
2 0.42083333333333334 0.7447916666666666 0.196875 0.028125
2 0.11666666666666667 0.7520833333333333 0.21770833333333334 0.03958333333333333
2 0.11041666666666666 0.7947916666666667 0.2125 0.029166666666666667
2 0.4354166666666667 0.815625 0.20729166666666668 0.030208333333333334
2 0.746875 0.8020833333333334 0.2916666666666667 0.03229166666666667
2 0.11875 0.8354166666666667 0.22291666666666668 0.029166666666666667
2 0.12395833333333334 0.8833333333333333 0.23229166666666667 0.03125
2 0.12083333333333333 0.9229166666666667 0.22708333333333333 0.03333333333333333
2 0.7697916666666667 0.859375 0.3072916666666667 0.04375
2 0.44895833333333335 0.8572916666666667 0.22291666666666668 0.035416666666666666
2 0.45416666666666666 0.9 0.21979166666666666 0.036458333333333336
2 0.7822916666666667 0.9197916666666667 0.28958333333333336 0.03125
2 0.459375 0.9479166666666666 0.2604166666666667 0.034375
2 0.128125 0.971875 0.23541666666666666 0.042708333333333334