2 0.13645833333333332 0.965625 0.2520833333333333 0.06041666666666667
2 0.46770833333333334 0.9395833333333333 0.26979166666666665 0.04583333333333333
2 0.7916666666666666 0.9114583333333334 0.296875 0.03854166666666667
2 0.12604166666666666 0.9135416666666667 0.23958333333333334 0.052083333333333336
2 0.12604166666666666 0.8729166666666667 0.23958333333333334 0.04479166666666667
2 0.4583333333333333 0.890625 0.228125 0.040625
2 0.7791666666666667 0.85 0.30625 0.03958333333333333
2 0.75625 0.7885416666666667 0.2947916666666667 0.0375
2 0.12291666666666666 0.8270833333333333 0.23958333333333334 0.027083333333333334
2 0.115625 0.7875 0.22395833333333334 0.029166666666666667
2 0.4625 0.8489583333333334 0.22395833333333334 0.036458333333333336
2 0.44375 0.803125 0.221875 0.03229166666666667
2 0.12604166666666666 0.7395833333333334 0.24375 0.04583333333333333
2 0.425 0.73125 0.20416666666666666 0.03854166666666667
2 0.7302083333333333 0.7354166666666667 0.2989583333333333 0.041666666666666664
2 0.740625 0.6802083333333333 0.3229166666666667 0.03854166666666667
2 0.753125 0.6104166666666667 0.32395833333333335 0.040625
2 0.75 0.5541666666666667 0.30416666666666664 0.0375
2 0.7479166666666667 0.49583333333333335 0.2947916666666667 0.034375
2 0.7322916666666667 0.43333333333333335 0.2604166666666667 0.03229166666666667
2 0.11458333333333333 0.5927083333333333 0.221875 0.036458333333333336
2 0.115625 0.690625 0.22395833333333334 0.029166666666666667
2 0.11354166666666667 0.6479166666666667 0.21979166666666666 0.035416666666666666
2 0.11458333333333333 0.53125 0.21770833333333334 0.0375
2 0.41875 0.68125 0.2 0.03854166666666667
2 0.40520833333333334 0.6354166666666666 0.21354166666666666 0.03229166666666667
2 0.3927083333333333 0.575 0.21354166666666666 0.03229166666666667
2 0.42083333333333334 0.5104166666666666 0.21770833333333334 0.03125
2 0.41354166666666664 0.4510416666666667 0.21770833333333334 0.034375
2 0.11979166666666667 0.475 0.22395833333333334 0.035416666666666666
2 0.11666666666666667 0.4125 0.21354166666666666 0.04479166666666667
2 0.41875 0.37604166666666666 0.21354166666666666 0.034375
2 0.75625 0.37604166666666666 0.2864583333333333 0.034375
2 0.11041666666666666 0.3489583333333333 0.20520833333333333 0.03854166666666667
2 0.10833333333333334 0.30104166666666665 0.20104166666666667 0.03854166666666667
2 0.103125 0.24583333333333332 0.18958333333333333 0.035416666666666666
2 0.10520833333333333 0.19166666666666668 0.203125 0.03854166666666667
2 0.10104166666666667 0.125 0.18541666666666667 0.03854166666666667
2 0.10208333333333333 0.06666666666666667 0.19166666666666668 0.035416666666666666
2 0.1 0.023958333333333335 0.1875 0.0375
2 0.4166666666666667 0.25104166666666666 0.20833333333333334 0.03333333333333333
2 0.4197916666666667 0.32083333333333336 0.215625 0.034375
2 0.78125 0.05520833333333333 0.25833333333333336 0.03125
2 0.7729166666666667 0.10416666666666667 0.2677083333333333 0.034375
2 0.7552083333333334 0.16458333333333333 0.26666666666666666 0.0375
2 0.746875 0.21354166666666666 0.26666666666666666 0.0375
2 0.7541666666666667 0.26666666666666666 0.25625 0.03229166666666667
2 0.75625 0.3229166666666667 0.27708333333333335 0.03958333333333333
2 0.42291666666666666 0.20416666666666666 0.21770833333333334 0.028125
2 0.44375 0.03229166666666667 0.228125 0.034375