0 0.10833333333333334 0.057291666666666664 0.18229166666666666 0.07291666666666667
0 0.10625 0.14479166666666668 0.178125 0.07291666666666667
0 0.4166666666666667 0.05520833333333333 0.16979166666666667 0.075
0 0.41041666666666665 0.14166666666666666 0.18125 0.07083333333333333
0 0.41041666666666665 0.22916666666666666 0.178125 0.06875
0 0.109375 0.23645833333333333 0.17083333333333334 0.07291666666666667
0 0.6822916666666666 0.04895833333333333 0.15104166666666666 0.07291666666666667
0 0.6885416666666667 0.13020833333333334 0.16875 0.06458333333333334
0 0.9 0.046875 0.16354166666666667 0.075
0 0.690625 0.215625 0.16979166666666667 0.06666666666666667
0 0.9 0.21145833333333333 0.16145833333333334 0.065625
0 0.69375 0.30520833333333336 0.17291666666666666 0.06666666666666667
0 0.9020833333333333 0.3 0.16041666666666668 0.06145833333333333
0 0.909375 0.384375 0.159375 0.06770833333333333
0 0.6989583333333333 0.3885416666666667 0.17083333333333334 0.06979166666666667
0 0.703125 0.48541666666666666 0.16354166666666667 0.06770833333333333
0 0.909375 0.47604166666666664 0.146875 0.065625
0 0.115625 0.3229166666666667 0.178125 0.06145833333333333
0 0.40520833333333334 0.31666666666666665 0.17395833333333333 0.06041666666666667
0 0.40729166666666666 0.39791666666666664 0.17395833333333333 0.06770833333333333
0 0.121875 0.40520833333333334 0.18125 0.06666666666666667
0 0.41458333333333336 0.49895833333333334 0.1875 0.06354166666666666
0 0.12916666666666668 0.5135416666666667 0.18333333333333332 0.078125
0 0.42083333333333334 0.5895833333333333 0.18645833333333334 0.06770833333333333
0 0.13020833333333334 0.6052083333333333 0.18229166666666666 0.07083333333333333
0 0.125 0.7020833333333333 0.18854166666666666 0.07395833333333333
0 0.4239583333333333 0.6979166666666666 0.21041666666666667 0.078125
0 0.13020833333333334 0.8125 0.18229166666666666 0.078125
0 0.43333333333333335 0.7989583333333333 0.21145833333333333 0.065625
0 0.7354166666666667 0.9145833333333333 0.19375 0.07083333333333333
0 0.9125 0.9166666666666666 0.134375 0.05625
0 0.7229166666666667 0.7916666666666666 0.17708333333333334 0.071875
0 0.909375 0.790625 0.146875 0.058333333333333334
0 0.14375 0.9229166666666667 0.1875 0.08229166666666667
0 0.43645833333333334 0.9208333333333333 0.20520833333333333 0.07708333333333334
0 0.7114583333333333 0.6822916666666666 0.18333333333333332 0.06979166666666667
0 0.9083333333333333 0.6833333333333333 0.16354166666666667 0.06979166666666667
0 0.709375 0.5770833333333333 0.16145833333333334 0.07291666666666667
0 0.9114583333333334 0.571875 0.16979166666666667 0.06770833333333333