13 0.23854166666666668 0.07916666666666666 0.31875 0.04479166666666667
13 0.25104166666666666 0.13541666666666666 0.28541666666666665 0.04375
13 0.6770833333333334 0.06770833333333333 0.284375 0.046875
13 0.240625 0.19895833333333332 0.3541666666666667 0.04583333333333333
13 0.703125 0.128125 0.3145833333333333 0.03854166666666667
13 0.2552083333333333 0.259375 0.321875 0.03854166666666667
13 0.6791666666666667 0.18541666666666667 0.30416666666666664 0.04895833333333333
13 0.221875 0.34270833333333334 0.36354166666666665 0.05520833333333333
13 0.684375 0.24479166666666666 0.29270833333333335 0.03229166666666667
13 0.68125 0.3229166666666667 0.30625 0.058333333333333334
13 0.225 0.40625 0.34375 0.03333333333333333
13 0.7052083333333333 0.39791666666666664 0.3104166666666667 0.03854166666666667
13 0.225 0.47708333333333336 0.3958333333333333 0.04583333333333333
13 0.6833333333333333 0.47604166666666664 0.29583333333333334 0.041666666666666664
13 0.21458333333333332 0.5854166666666667 0.3729166666666667 0.046875
13 0.69375 0.5739583333333333 0.3177083333333333 0.046875
13 0.23958333333333334 0.66875 0.309375 0.04479166666666667
13 0.26458333333333334 0.7333333333333333 0.328125 0.03958333333333333
13 0.2635416666666667 0.796875 0.3802083333333333 0.042708333333333334
13 0.2625 0.853125 0.33541666666666664 0.036458333333333336
13 0.25104166666666666 0.90625 0.30416666666666664 0.036458333333333336
13 0.6697916666666667 0.8927083333333333 0.3072916666666667 0.029166666666666667
13 0.684375 0.840625 0.33645833333333336 0.034375
13 0.696875 0.7802083333333333 0.3416666666666667 0.035416666666666666
13 0.7010416666666667 0.721875 0.33229166666666665 0.04479166666666667
13 0.7072916666666667 0.6541666666666667 0.321875 0.04583333333333333