12 0.22604166666666667 0.184375 0.23020833333333332 0.08333333333333333
12 0.5229166666666667 0.14479166666666668 0.25833333333333336 0.10833333333333334
12 0.8020833333333334 0.13020833333333334 0.23541666666666666 0.09479166666666666
12 0.2708333333333333 0.29375 0.2708333333333333 0.084375
12 0.521875 0.2604166666666667 0.20833333333333334 0.10104166666666667
12 0.759375 0.2833333333333333 0.20104166666666667 0.06666666666666667
12 0.7083333333333334 0.39479166666666665 0.35520833333333335 0.12604166666666666
12 0.29583333333333334 0.42083333333333334 0.3854166666666667 0.14791666666666667
12 0.296875 0.5739583333333333 0.39479166666666665 0.12083333333333333
12 0.6895833333333333 0.5395833333333333 0.328125 0.12708333333333333
12 0.18229166666666666 0.7239583333333334 0.23958333333333334 0.12291666666666666
12 0.46875 0.70625 0.23333333333333334 0.115625
12 0.7458333333333333 0.6854166666666667 0.24270833333333333 0.10208333333333333
12 0.22708333333333333 0.8677083333333333 0.3375 0.12916666666666668
12 0.6395833333333333 0.84375 0.4083333333333333 0.1125