4 0.16979166666666667 0.15833333333333333 0.19791666666666666 0.21145833333333333
4 0.46041666666666664 0.14583333333333334 0.32395833333333335 0.19895833333333332
4 0.8041666666666667 0.13125 0.26979166666666665 0.1875
4 0.8416666666666667 0.3770833333333333 0.16354166666666667 0.14583333333333334
4 0.5625 0.3854166666666667 0.27708333333333335 0.17291666666666666
4 0.20208333333333334 0.390625 0.284375 0.17395833333333333
4 0.2125 0.59375 0.23645833333333333 0.13854166666666667
4 0.5072916666666667 0.5760416666666667 0.25 0.13229166666666667
4 0.7864583333333334 0.565625 0.22604166666666667 0.13333333333333333
4 0.16770833333333332 0.75 0.215625 0.14895833333333333
4 0.4479166666666667 0.7416666666666667 0.23645833333333333 0.12916666666666668
4 0.775 0.7552083333333334 0.33125 0.178125
4 0.421875 0.89375 0.7541666666666667 0.103125