0 0.17916666666666667 0.11354166666666667 0.17604166666666668 0.042708333333333334
0 0.17604166666666668 0.18645833333333334 0.1625 0.042708333333333334
0 0.16770833333333332 0.26666666666666666 0.13645833333333332 0.04583333333333333
0 0.41041666666666665 0.11041666666666666 0.15104166666666666 0.0375
0 0.40625 0.18229166666666666 0.14375 0.035416666666666666
0 0.38333333333333336 0.2604166666666667 0.13125 0.040625
0 0.64375 0.10833333333333334 0.165625 0.034375
0 0.6145833333333334 0.18020833333333333 0.15625 0.03229166666666667
0 0.5885416666666666 0.2552083333333333 0.13958333333333334 0.046875
0 0.5822916666666667 0.325 0.134375 0.03333333333333333
0 0.7760416666666666 0.31875 0.14166666666666666 0.041666666666666664
0 0.84375 0.10833333333333334 0.1375 0.040625
0 0.828125 0.17291666666666666 0.16458333333333333 0.0375
0 0.7927083333333333 0.25416666666666665 0.13645833333333332 0.0375
0 0.54375 0.41875 0.12395833333333334 0.042708333333333334
0 0.7260416666666667 0.4125 0.1125 0.03958333333333333
0 0.871875 0.40520833333333334 0.109375 0.04479166666666667
0 0.5541666666666667 0.49270833333333336 0.16041666666666668 0.03958333333333333
0 0.74375 0.49270833333333336 0.14895833333333333 0.04375
0 0.8802083333333334 0.484375 0.08229166666666667 0.034375
0 0.58125 0.5666666666666667 0.14479166666666668 0.04479166666666667
0 0.7885416666666667 0.559375 0.16458333333333333 0.040625
0 0.5135416666666667 0.6510416666666666 0.14583333333333334 0.03854166666666667
0 0.7177083333333333 0.6447916666666667 0.159375 0.042708333333333334
0 0.86875 0.640625 0.09375 0.03958333333333333
0 0.16875 0.43333333333333335 0.14895833333333333 0.046875
0 0.16145833333333334 0.5072916666666667 0.13229166666666667 0.04375
0 0.15104166666666666 0.5854166666666667 0.12708333333333333 0.04479166666666667
0 0.14479166666666668 0.6666666666666666 0.121875 0.04583333333333333
0 0.3729166666666667 0.5760416666666667 0.17604166666666668 0.04375
0 0.35104166666666664 0.5010416666666667 0.15208333333333332 0.04583333333333333
0 0.36041666666666666 0.4239583333333333 0.13958333333333334 0.04583333333333333
0 0.31875 0.659375 0.12604166666666666 0.03958333333333333
0 0.5364583333333334 0.8854166666666666 0.11145833333333334 0.04375
0 0.721875 0.8770833333333333 0.15625 0.03958333333333333
0 0.5520833333333334 0.8166666666666667 0.19270833333333334 0.03854166666666667
0 0.7760416666666666 0.8072916666666666 0.16041666666666668 0.04375
0 0.14479166666666668 0.9052083333333333 0.15104166666666666 0.04479166666666667
0 0.34479166666666666 0.890625 0.175 0.04791666666666667
0 0.16458333333333333 0.825 0.165625 0.04479166666666667
0 0.3541666666666667 0.8239583333333333 0.12916666666666668 0.040625
0 0.153125 0.7416666666666667 0.14375 0.05625
0 0.3385416666666667 0.7354166666666667 0.13958333333333334 0.04895833333333333
0 0.5979166666666667 0.7333333333333333 0.3145833333333333 0.04375