13 0.20729166666666668 0.04583333333333333 0.23020833333333332 0.071875
13 0.4114583333333333 0.05625 0.10625 0.053125
13 0.23958333333333334 0.14270833333333333 0.203125 0.04791666666666667
13 0.38333333333333336 0.27708333333333335 0.2520833333333333 0.08020833333333334
13 0.19166666666666668 0.3885416666666667 0.25 0.05416666666666667
13 0.5208333333333334 0.153125 0.21458333333333332 0.05
13 0.703125 0.26666666666666666 0.23229166666666667 0.06770833333333333
13 0.5791666666666667 0.396875 0.2791666666666667 0.06354166666666666
13 0.42604166666666665 0.5135416666666667 0.36041666666666666 0.053125
13 0.42604166666666665 0.628125 0.36041666666666666 0.05520833333333333
13 0.8083333333333333 0.55 0.28958333333333336 0.03958333333333333
13 0.784375 0.6333333333333333 0.2916666666666667 0.06979166666666667
13 0.3333333333333333 0.7458333333333333 0.2875 0.05416666666666667
13 0.6583333333333333 0.7864583333333334 0.2875 0.07708333333333334