1 0.26666666666666666 0.12604166666666666 0.340625 0.11770833333333333
1 0.6322916666666667 0.115625 0.3385416666666667 0.11354166666666667
1 0.3385416666666667 0.2947916666666667 0.621875 0.153125
1 0.8208333333333333 0.2677083333333333 0.23020833333333332 0.10208333333333333
1 0.7385416666666667 0.45 0.46041666666666664 0.11770833333333333
1 0.25729166666666664 0.45729166666666665 0.4197916666666667 0.12708333333333333
1 0.25 0.6020833333333333 0.325 0.12395833333333334
1 0.6895833333333333 0.5822916666666667 0.49375 0.13333333333333333
1 0.26458333333333334 0.7666666666666667 0.4864583333333333 0.1375
1 0.7395833333333334 0.7489583333333333 0.4625 0.14166666666666666
1 0.25833333333333336 0.9020833333333333 0.45625 0.11770833333333333
1 0.7541666666666667 0.9020833333333333 0.484375 0.12916666666666668