11 0.47291666666666665 0.9104166666666667 0.28229166666666666 0.13125
11 0.8010416666666667 0.8958333333333334 0.32083333333333336 0.15833333333333333
11 0.18541666666666667 0.890625 0.259375 0.19166666666666668
11 0.2635416666666667 0.7 0.4427083333333333 0.13229166666666667
11 0.7302083333333333 0.7083333333333334 0.4270833333333333 0.17083333333333334
11 0.321875 0.5614583333333333 0.5364583333333334 0.12708333333333333
11 0.7864583333333334 0.5416666666666666 0.30833333333333335 0.11145833333333334
11 0.22291666666666668 0.40208333333333335 0.3875 0.15104166666666666
11 0.7010416666666667 0.38958333333333334 0.5114583333333333 0.15
11 0.2947916666666667 0.23854166666666668 0.45208333333333334 0.14375
11 0.75 0.234375 0.42604166666666665 0.14375
11 0.7791666666666667 0.08958333333333333 0.3958333333333333 0.134375
11 0.30625 0.0875 0.47708333333333336 0.13020833333333334