3 0.15729166666666666 0.090625 0.20833333333333334 0.07291666666666667
3 0.13333333333333333 0.19270833333333334 0.17291666666666666 0.05
3 0.44479166666666664 0.165625 0.19166666666666668 0.052083333333333336
3 0.4979166666666667 0.07916666666666666 0.22604166666666667 0.05625
3 0.13645833333333332 0.6979166666666666 0.1875 0.065625
3 0.13958333333333334 0.6104166666666667 0.18125 0.0625
3 0.40625 0.590625 0.19375 0.071875
3 0.7135416666666666 0.578125 0.24791666666666667 0.0875
3 0.4114583333333333 0.671875 0.18125 0.05625
3 0.7145833333333333 0.653125 0.20208333333333334 0.06875
3 0.10833333333333334 0.775 0.13229166666666667 0.05625
3 0.3458333333333333 0.7541666666666667 0.11979166666666667 0.03958333333333333
3 0.55 0.7364583333333333 0.146875 0.04583333333333333
3 0.721875 0.7208333333333333 0.11875 0.053125
3 0.8510416666666667 0.7166666666666667 0.11875 0.042708333333333334
3 0.11770833333333333 0.846875 0.1375 0.059375
3 0.36041666666666666 0.8208333333333333 0.14895833333333333 0.046875
3 0.15520833333333334 0.9104166666666667 0.14895833333333333 0.046875
3 0.36770833333333336 0.8989583333333333 0.13854166666666667 0.040625
3 0.571875 0.8041666666666667 0.16666666666666666 0.053125
3 0.7708333333333334 0.79375 0.16770833333333332 0.046875
3 0.2125 0.9552083333333333 0.19375 0.05520833333333333
3 0.46875 0.946875 0.16770833333333332 0.053125
3 0.5572916666666666 0.8885416666666667 0.15104166666666666 0.03854166666666667
3 0.771875 0.88125 0.18333333333333332 0.04375
3 0.725 0.940625 0.20625 0.04895833333333333
3 0.40729166666666666 0.4375 0.22604166666666667 0.05
3 0.7416666666666667 0.30520833333333336 0.2520833333333333 0.058333333333333334
3 0.7541666666666667 0.14479166666666668 0.20833333333333334 0.046875
3 0.12708333333333333 0.36666666666666664 0.19375 0.04583333333333333
3 0.725 0.5010416666666667 0.240625 0.05416666666666667