10 0.240625 0.046875 0.25833333333333336 0.051041666666666666
10 0.24583333333333332 0.115625 0.3104166666666667 0.06458333333333334
10 0.271875 0.190625 0.30625 0.059375
10 0.6864583333333333 0.042708333333333334 0.36354166666666665 0.04479166666666667
10 0.6864583333333333 0.11770833333333333 0.3625 0.05625
10 0.675 0.18020833333333333 0.3572916666666667 0.0375
10 0.7125 0.25729166666666664 0.321875 0.042708333333333334
10 0.81875 0.5447916666666667 0.32395833333333335 0.05
10 0.8125 0.6489583333333333 0.30104166666666665 0.05416666666666667
10 0.8114583333333333 0.746875 0.3020833333333333 0.046875
10 0.8197916666666667 0.8229166666666666 0.296875 0.042708333333333334
10 0.8270833333333333 0.9333333333333333 0.27291666666666664 0.03958333333333333
10 0.265625 0.9010416666666666 0.3572916666666667 0.06666666666666667
10 0.26666666666666666 0.8010416666666667 0.3572916666666667 0.06666666666666667