1 0.25104166666666666 0.09270833333333334 0.46145833333333336 0.121875
1 0.7354166666666667 0.090625 0.44166666666666665 0.1125
1 0.7354166666666667 0.225 0.46875 0.12708333333333333
1 0.2625 0.24479166666666666 0.446875 0.13645833333333332
1 0.3125 0.40520833333333334 0.48125 0.128125
1 0.7427083333333333 0.384375 0.3177083333333333 0.115625
1 0.259375 0.5395833333333333 0.45 0.11979166666666667
1 0.7333333333333333 0.528125 0.40208333333333335 0.12395833333333334
1 0.18020833333333333 0.7145833333333333 0.21875 0.09791666666666667
1 0.6552083333333333 0.6885416666666667 0.6114583333333333 0.15208333333333332
1 0.3645833333333333 0.8645833333333334 0.325 0.10729166666666666
1 0.7270833333333333 0.8583333333333333 0.32916666666666666 0.10833333333333334