12 0.25 0.93125 0.36875 0.09583333333333334
12 0.7239583333333334 0.8864583333333333 0.4270833333333333 0.153125
12 0.24166666666666667 0.7729166666666667 0.36770833333333336 0.17604166666666668
12 0.7427083333333333 0.70625 0.440625 0.11458333333333333
12 0.2552083333333333 0.6 0.390625 0.1375
12 0.7197916666666667 0.5614583333333333 0.434375 0.09895833333333333
12 0.25833333333333336 0.44895833333333335 0.4010416666666667 0.13541666666666666
12 0.7052083333333333 0.4270833333333333 0.4125 0.13125
12 0.25416666666666665 0.28854166666666664 0.40729166666666666 0.13854166666666667
12 0.671875 0.2677083333333333 0.353125 0.13125
12 0.19166666666666668 0.121875 0.2791666666666667 0.13958333333333334
12 0.5260416666666666 0.11875 0.309375 0.14166666666666666
12 0.834375 0.09791666666666667 0.24583333333333332 0.13229166666666667