2 0.11979166666666667 0.052083333333333336 0.21041666666666667 0.029166666666666667
2 0.13020833333333334 0.11458333333333333 0.23125 0.03125
2 0.140625 0.16770833333333332 0.24791666666666667 0.029166666666666667
2 0.13645833333333332 0.225 0.24166666666666667 0.029166666666666667
2 0.13020833333333334 0.2760416666666667 0.23541666666666666 0.030208333333333334
2 0.40625 0.06666666666666667 0.19895833333333332 0.027083333333333334
2 0.4041666666666667 0.22395833333333334 0.22291666666666668 0.0375
2 0.40625 0.28125 0.22291666666666668 0.035416666666666666
2 0.12604166666666666 0.33229166666666665 0.24270833333333333 0.03333333333333333
2 0.42604166666666665 0.384375 0.23125 0.0375
2 0.125 0.38125 0.23125 0.026041666666666668
2 0.134375 0.425 0.24791666666666667 0.03229166666666667
2 0.434375 0.43125 0.24791666666666667 0.030208333333333334
2 0.13854166666666667 0.4666666666666667 0.2552083333333333 0.027083333333333334
2 0.434375 0.4739583333333333 0.23854166666666668 0.030208333333333334
2 0.14375 0.5802083333333333 0.26979166666666665 0.03854166666666667
2 0.153125 0.6364583333333333 0.2833333333333333 0.042708333333333334
2 0.140625 0.6927083333333334 0.26979166666666665 0.041666666666666664
2 0.13333333333333333 0.9354166666666667 0.25 0.041666666666666664
2 0.403125 0.7572916666666667 0.19583333333333333 0.036458333333333336