8 0.23229166666666667 0.13020833333333334 0.353125 0.12083333333333333
8 0.18854166666666666 0.33229166666666665 0.2947916666666667 0.090625
8 0.19479166666666667 0.46875 0.31145833333333334 0.084375
8 0.6010416666666667 0.29270833333333335 0.28958333333333336 0.08645833333333333
8 0.6395833333333333 0.434375 0.3489583333333333 0.075
8 0.6604166666666667 0.5552083333333333 0.33229166666666665 0.08020833333333334
8 0.671875 0.684375 0.35 0.08645833333333333
8 0.6427083333333333 0.7989583333333333 0.30416666666666664 0.075
8 0.6395833333333333 0.9114583333333334 0.30104166666666665 0.09479166666666666
8 0.22916666666666666 0.9177083333333333 0.37395833333333334 0.1
8 0.196875 0.80625 0.3385416666666667 0.08020833333333334
8 0.215625 0.7052083333333333 0.346875 0.08645833333333333
8 0.2 0.5927083333333333 0.31145833333333334 0.08854166666666667