12 0.2375 0.12604166666666666 0.31666666666666665 0.11666666666666667
12 0.2375 0.25833333333333336 0.3489583333333333 0.12395833333333334
12 0.559375 0.10520833333333333 0.2791666666666667 0.08020833333333334
12 0.5947916666666667 0.23541666666666666 0.31145833333333334 0.11458333333333333
12 0.8291666666666667 0.09583333333333334 0.23020833333333332 0.08645833333333333
12 0.8677083333333333 0.20833333333333334 0.16875 0.11354166666666667
12 0.225 0.38333333333333336 0.340625 0.121875
12 0.5354166666666667 0.365625 0.23958333333333334 0.12708333333333333
12 0.8135416666666667 0.35208333333333336 0.2864583333333333 0.10104166666666667
12 0.21770833333333334 0.5375 0.36875 0.11770833333333333
12 0.6166666666666667 0.5114583333333333 0.3875 0.09791666666666667
12 0.21770833333333334 0.6697916666666667 0.36041666666666666 0.08958333333333333
12 0.6260416666666667 0.6625 0.3854166666666667 0.09166666666666666
12 0.22291666666666668 0.7729166666666667 0.31666666666666665 0.08541666666666667
12 0.575 0.7604166666666666 0.321875 0.08645833333333333
12 0.21770833333333334 0.8802083333333334 0.3177083333333333 0.11354166666666667
12 0.5802083333333333 0.875 0.303125 0.09791666666666667
12 0.85 0.8604166666666667 0.18958333333333333 0.09166666666666666