10 0.22708333333333333 0.07604166666666666 0.32916666666666666 0.04895833333333333
10 0.5875 0.071875 0.26979166666666665 0.03958333333333333
10 0.8572916666666667 0.07395833333333333 0.159375 0.03854166666666667
10 0.21458333333333332 0.15520833333333334 0.30416666666666664 0.041666666666666664
10 0.565625 0.159375 0.24791666666666667 0.04375
10 0.81875 0.15833333333333333 0.18645833333333334 0.040625
10 0.859375 0.22291666666666668 0.14375 0.03229166666666667
10 0.571875 0.221875 0.31875 0.03854166666666667
10 0.21354166666666666 0.23229166666666667 0.2791666666666667 0.03854166666666667
10 0.234375 0.2989583333333333 0.31145833333333334 0.04791666666666667
10 0.6104166666666667 0.28854166666666664 0.37083333333333335 0.030208333333333334
10 0.8625 0.3177083333333333 0.14270833333333333 0.03854166666666667
10 0.20833333333333334 0.3614583333333333 0.278125 0.04791666666666667
10 0.5739583333333333 0.34270833333333334 0.340625 0.03958333333333333
10 0.14166666666666666 0.41770833333333335 0.1375 0.04375
10 0.30416666666666664 0.40729166666666666 0.13229166666666667 0.04479166666666667
10 0.4666666666666667 0.39166666666666666 0.11354166666666667 0.036458333333333336
10 0.609375 0.37916666666666665 0.109375 0.03333333333333333
10 0.7802083333333333 0.371875 0.11354166666666667 0.03333333333333333
10 0.8260416666666667 0.440625 0.159375 0.04375
10 0.55625 0.45729166666666665 0.28958333333333336 0.051041666666666666
10 0.225 0.4791666666666667 0.2864583333333333 0.05520833333333333
10 0.20416666666666666 0.5458333333333333 0.26875 0.05520833333333333
10 0.5760416666666667 0.509375 0.3416666666666667 0.05416666666666667
10 0.21666666666666667 0.6270833333333333 0.3072916666666667 0.04375
10 0.5833333333333334 0.565625 0.36041666666666666 0.04895833333333333
10 0.640625 0.6135416666666667 0.43125 0.058333333333333334
10 0.20833333333333334 0.6895833333333333 0.32708333333333334 0.041666666666666664
10 0.6333333333333333 0.6760416666666667 0.4125 0.04791666666666667
10 0.19270833333333334 0.7625 0.28229166666666666 0.058333333333333334
10 0.640625 0.7375 0.4666666666666667 0.041666666666666664
10 0.20625 0.8260416666666667 0.32395833333333335 0.052083333333333336
10 0.6104166666666667 0.7916666666666666 0.4041666666666667 0.03854166666666667
10 0.18958333333333333 0.8947916666666667 0.30520833333333336 0.05416666666666667
10 0.6125 0.8479166666666667 0.41770833333333335 0.03958333333333333
10 0.5802083333333333 0.903125 0.384375 0.0375