5 0.13541666666666666 0.07395833333333333 0.128125 0.06354166666666666
5 0.11875 0.165625 0.13333333333333333 0.040625
5 0.34791666666666665 0.07708333333333334 0.146875 0.042708333333333334
5 0.34479166666666666 0.15416666666666667 0.13020833333333334 0.03229166666666667
5 0.4125 0.23854166666666668 0.18645833333333334 0.05
5 0.13958333333333334 0.24583333333333332 0.19583333333333333 0.027083333333333334
5 0.1375 0.325 0.19791666666666666 0.030208333333333334
5 0.41458333333333336 0.3125 0.21041666666666667 0.03958333333333333
5 0.6208333333333333 0.07083333333333333 0.125 0.034375
5 0.6104166666666667 0.146875 0.16145833333333334 0.035416666666666666
5 0.6802083333333333 0.22395833333333334 0.1875 0.051041666666666666
5 0.6947916666666667 0.2947916666666667 0.20833333333333334 0.022916666666666665
5 0.815625 0.06666666666666667 0.11979166666666667 0.030208333333333334
5 0.8229166666666666 0.13541666666666666 0.12916666666666668 0.030208333333333334
5 0.8739583333333333 0.209375 0.07395833333333333 0.023958333333333335
5 0.878125 0.28020833333333334 0.07083333333333333 0.023958333333333335
5 0.7083333333333334 0.35833333333333334 0.20729166666666668 0.028125
5 0.88125 0.35833333333333334 0.07291666666666667 0.022916666666666665
5 0.6572916666666667 0.4197916666666667 0.08541666666666667 0.022916666666666665
5 0.8125 0.4125 0.09583333333333334 0.023958333333333335
5 0.14166666666666666 0.38645833333333335 0.18854166666666666 0.046875
5 0.10416666666666667 0.45416666666666666 0.12916666666666668 0.03229166666666667
5 0.375 0.42604166666666665 0.134375 0.035416666666666666
5 0.41770833333333335 0.36666666666666664 0.19791666666666666 0.029166666666666667
5 0.09270833333333334 0.5239583333333333 0.115625 0.052083333333333336
5 0.36041666666666666 0.496875 0.10833333333333334 0.042708333333333334
5 0.525 0.49166666666666664 0.09479166666666666 0.029166666666666667
5 0.684375 0.4791666666666667 0.1125 0.028125
5 0.8416666666666667 0.4739583333333333 0.09895833333333333 0.023958333333333335
5 0.8333333333333334 0.5229166666666667 0.1 0.029166666666666667
5 0.6979166666666666 0.540625 0.12291666666666666 0.0375
5 0.54375 0.5489583333333333 0.10208333333333333 0.027083333333333334
5 0.6114583333333333 0.615625 0.19270833333333334 0.036458333333333336
5 0.8395833333333333 0.5947916666666667 0.175 0.025
5 0.8270833333333333 0.6697916666666667 0.10729166666666666 0.03333333333333333
5 0.08229166666666667 0.603125 0.13020833333333334 0.04895833333333333
5 0.10520833333333333 0.6697916666666667 0.15833333333333333 0.036458333333333336
5 0.35104166666666664 0.5666666666666667 0.10729166666666666 0.046875
5 0.37083333333333335 0.6395833333333333 0.17395833333333333 0.041666666666666664
5 0.28125 0.709375 0.10729166666666666 0.029166666666666667
5 0.09479166666666666 0.7354166666666667 0.10520833333333333 0.035416666666666666
5 0.48125 0.696875 0.10416666666666667 0.030208333333333334
5 0.6520833333333333 0.6822916666666666 0.11458333333333333 0.05416666666666667
5 0.6583333333333333 0.7552083333333334 0.10416666666666667 0.036458333333333336
5 0.8125 0.7447916666666666 0.10208333333333333 0.05416666666666667
5 0.4895833333333333 0.7645833333333333 0.109375 0.035416666666666666
5 0.484375 0.8322916666666667 0.109375 0.03229166666666667
5 0.6760416666666667 0.8197916666666667 0.10208333333333333 0.022916666666666665
5 0.8604166666666667 0.8041666666666667 0.11770833333333333 0.027083333333333334
5 0.8354166666666667 0.8666666666666667 0.11458333333333333 0.041666666666666664
5 0.6635416666666667 0.8885416666666667 0.12395833333333334 0.03333333333333333
5 0.528125 0.8947916666666667 0.08541666666666667 0.03333333333333333
5 0.284375 0.7833333333333333 0.125 0.035416666666666666
5 0.109375 0.8104166666666667 0.12916666666666668 0.04375
5 0.10104166666666667 0.8791666666666667 0.11145833333333334 0.03958333333333333
5 0.28125 0.8510416666666667 0.11875 0.03958333333333333
5 0.18333333333333332 0.9322916666666666 0.13333333333333333 0.036458333333333336
5 0.3875 0.9114583333333334 0.09270833333333334 0.03229166666666667