7 0.3104166666666667 0.08229166666666667 0.4197916666666667 0.06666666666666667
7 0.2791666666666667 0.178125 0.43020833333333336 0.071875
7 0.278125 0.24895833333333334 0.4125 0.06041666666666667
7 0.2833333333333333 0.34375 0.40520833333333334 0.07291666666666667
7 0.75 0.06979166666666667 0.3854166666666667 0.06875
7 0.271875 0.42291666666666666 0.4 0.06145833333333333
7 0.7145833333333333 0.165625 0.3770833333333333 0.05625
7 0.721875 0.2375 0.39791666666666664 0.058333333333333334
7 0.7166666666666667 0.32083333333333336 0.39166666666666666 0.06041666666666667
7 0.7041666666666667 0.4041666666666667 0.42083333333333334 0.051041666666666666
7 0.30416666666666664 0.5052083333333334 0.47604166666666664 0.06875
7 0.7552083333333334 0.49270833333333336 0.33541666666666664 0.04895833333333333
7 0.3 0.5760416666666667 0.484375 0.06458333333333334
7 0.30625 0.6552083333333333 0.46458333333333335 0.06979166666666667
7 0.75625 0.5604166666666667 0.3333333333333333 0.051041666666666666
7 0.26875 0.7395833333333334 0.4 0.07395833333333333
7 0.759375 0.634375 0.375 0.057291666666666664
7 0.25416666666666665 0.8197916666666667 0.371875 0.07395833333333333
7 0.71875 0.71875 0.38645833333333335 0.051041666666666666
7 0.24895833333333334 0.9010416666666666 0.3854166666666667 0.051041666666666666
7 0.6947916666666667 0.8041666666666667 0.4479166666666667 0.052083333333333336
7 0.7010416666666667 0.9010416666666666 0.4479166666666667 0.051041666666666666