7 0.284375 0.071875 0.39166666666666666 0.04895833333333333
7 0.7291666666666666 0.06354166666666666 0.3770833333333333 0.046875
7 0.7302083333333333 0.140625 0.39895833333333336 0.05
7 0.2791666666666667 0.140625 0.41041666666666665 0.05
7 0.275 0.221875 0.3958333333333333 0.06041666666666667
7 0.7135416666666666 0.221875 0.43020833333333336 0.053125
7 0.2708333333333333 0.29375 0.3770833333333333 0.052083333333333336
7 0.709375 0.29375 0.44166666666666665 0.040625
7 0.26458333333333334 0.3770833333333333 0.36354166666666665 0.06041666666666667
7 0.7010416666666667 0.371875 0.44166666666666665 0.04583333333333333
7 0.2708333333333333 0.453125 0.35625 0.06770833333333333
7 0.7135416666666666 0.44479166666666664 0.44479166666666664 0.059375
7 0.7395833333333334 0.5395833333333333 0.3729166666666667 0.05
7 0.28020833333333334 0.5458333333333333 0.43645833333333334 0.06041666666666667
7 0.3 0.6083333333333333 0.45 0.05
7 0.7416666666666667 0.6104166666666667 0.39895833333333336 0.051041666666666666
7 0.27395833333333336 0.6802083333333333 0.44479166666666664 0.05416666666666667
7 0.7447916666666666 0.675 0.39895833333333336 0.051041666666666666
7 0.275 0.7583333333333333 0.40625 0.071875
7 0.7270833333333333 0.7541666666666667 0.41041666666666665 0.06770833333333333
7 0.25625 0.8322916666666667 0.4395833333333333 0.06145833333333333
7 0.74375 0.83125 0.4166666666666667 0.07083333333333333
7 0.26145833333333335 0.8947916666666667 0.42083333333333334 0.06354166666666666
7 0.7239583333333334 0.9135416666666667 0.4114583333333333 0.07291666666666667
7 0.25833333333333336 0.9552083333333333 0.3875 0.051041666666666666