7 0.3020833333333333 0.0875 0.39791666666666664 0.07083333333333333
7 0.2989583333333333 0.19895833333333332 0.3927083333333333 0.06666666666666667
7 0.7166666666666667 0.06666666666666667 0.334375 0.06041666666666667
7 0.7020833333333333 0.17291666666666666 0.35625 0.07083333333333333
7 0.278125 0.28229166666666666 0.39166666666666666 0.07083333333333333
7 0.696875 0.2604166666666667 0.40520833333333334 0.075
7 0.684375 0.34479166666666666 0.41041666666666665 0.071875
7 0.26458333333333334 0.3729166666666667 0.36770833333333336 0.078125
7 0.696875 0.43020833333333336 0.4 0.0625
7 0.25833333333333336 0.453125 0.41458333333333336 0.07291666666666667
7 0.23645833333333333 0.5447916666666667 0.39166666666666666 0.06458333333333334
7 0.7 0.5510416666666667 0.45625 0.057291666666666664
7 0.23958333333333334 0.6395833333333333 0.3645833333333333 0.051041666666666666
7 0.684375 0.6291666666666667 0.46458333333333335 0.06770833333333333
7 0.21979166666666666 0.7354166666666667 0.35104166666666664 0.059375
7 0.6854166666666667 0.7375 0.37083333333333335 0.06770833333333333
7 0.21770833333333334 0.8385416666666666 0.31145833333333334 0.06145833333333333
7 0.6489583333333333 0.8291666666666667 0.5114583333333333 0.075
7 0.2125 0.9166666666666666 0.315625 0.04479166666666667
7 0.6583333333333333 0.9145833333333333 0.45208333333333334 0.05625