2 0.140625 0.046875 0.20625 0.03229166666666667
2 0.1375 0.08958333333333333 0.19375 0.028125
2 0.14375 0.13125 0.21041666666666667 0.035416666666666666
2 0.14791666666666667 0.17604166666666668 0.21041666666666667 0.03125
2 0.4166666666666667 0.046875 0.20729166666666668 0.03125
2 0.15416666666666667 0.21979166666666666 0.22083333333333333 0.036458333333333336
2 0.4197916666666667 0.08645833333333333 0.22708333333333333 0.029166666666666667
2 0.4239583333333333 0.11979166666666667 0.23020833333333332 0.028125
2 0.765625 0.041666666666666664 0.24895833333333334 0.036458333333333336
2 0.15625 0.25625 0.21979166666666666 0.03229166666666667
2 0.15833333333333333 0.28958333333333336 0.21770833333333334 0.027083333333333334
2 0.15729166666666666 0.325 0.21354166666666666 0.025
2 0.15416666666666667 0.3614583333333333 0.21145833333333333 0.028125
2 0.15416666666666667 0.39895833333333336 0.20104166666666667 0.026041666666666668
2 0.15625 0.434375 0.21041666666666667 0.027083333333333334
2 0.15520833333333334 0.47291666666666665 0.203125 0.028125
2 0.15208333333333332 0.5177083333333333 0.20520833333333333 0.029166666666666667
2 0.42291666666666666 0.15416666666666667 0.21979166666666666 0.028125
2 0.425 0.18854166666666666 0.22708333333333333 0.030208333333333334
2 0.425 0.22083333333333333 0.22604166666666667 0.034375
2 0.43020833333333336 0.25729166666666664 0.240625 0.0375
2 0.759375 0.07916666666666666 0.24270833333333333 0.028125
2 0.7625 0.11979166666666667 0.24375 0.028125
2 0.7708333333333334 0.15729166666666666 0.2520833333333333 0.030208333333333334
2 0.76875 0.19583333333333333 0.24479166666666666 0.03333333333333333
2 0.7770833333333333 0.22916666666666666 0.2635416666666667 0.03333333333333333
2 0.7770833333333333 0.265625 0.24895833333333334 0.03854166666666667
2 0.778125 0.303125 0.23854166666666668 0.03333333333333333
2 0.7760416666666666 0.3385416666666667 0.23958333333333334 0.03333333333333333
2 0.775 0.37083333333333335 0.24479166666666666 0.030208333333333334
2 0.7708333333333334 0.4010416666666667 0.2375 0.028125
2 0.434375 0.29583333333333334 0.2375 0.03125
2 0.42083333333333334 0.3302083333333333 0.23020833333333332 0.03229166666666667
2 0.42291666666666666 0.36354166666666665 0.22395833333333334 0.03125
2 0.43333333333333335 0.39895833333333336 0.23020833333333332 0.03229166666666667
2 0.434375 0.4354166666666667 0.23229166666666667 0.03333333333333333
2 0.42916666666666664 0.475 0.225 0.028125
2 0.43645833333333334 0.5114583333333333 0.24166666666666667 0.028125
2 0.765625 0.5302083333333333 0.234375 0.029166666666666667
2 0.7677083333333333 0.49375 0.23125 0.028125
2 0.76875 0.45729166666666665 0.23333333333333334 0.030208333333333334
2 0.76875 0.428125 0.23333333333333334 0.030208333333333334
2 0.17291666666666666 0.8989583333333333 0.22083333333333333 0.036458333333333336
2 0.45 0.8635416666666667 0.225 0.03958333333333333
2 0.15416666666666667 0.8447916666666667 0.22291666666666668 0.041666666666666664
2 0.45208333333333334 0.8072916666666666 0.23229166666666667 0.036458333333333336
2 0.7520833333333333 0.8677083333333333 0.24270833333333333 0.03125
2 0.75625 0.8114583333333333 0.2375 0.03229166666666667
2 0.7604166666666666 0.7552083333333334 0.23229166666666667 0.03229166666666667
2 0.4510416666666667 0.7375 0.23333333333333334 0.036458333333333336
2 0.7770833333333333 0.696875 0.240625 0.041666666666666664
2 0.1625 0.7770833333333333 0.24791666666666667 0.034375
2 0.165625 0.7125 0.21979166666666666 0.03125
2 0.15625 0.6572916666666667 0.20208333333333334 0.03229166666666667
2 0.14583333333333334 0.6010416666666667 0.203125 0.036458333333333336
2 0.42604166666666665 0.590625 0.21041666666666667 0.03958333333333333
2 0.4510416666666667 0.6635416666666667 0.24375 0.05
2 0.7697916666666667 0.634375 0.23645833333333333 0.04583333333333333
2 0.765625 0.5822916666666667 0.23229166666666667 0.03958333333333333