12 0.4114583333333333 0.8864583333333333 0.646875 0.146875
12 0.25833333333333336 0.7302083333333333 0.4270833333333333 0.15104166666666666
12 0.7229166666666667 0.7020833333333333 0.4625 0.13854166666666667
12 0.5875 0.5395833333333333 0.33229166666666665 0.12708333333333333
12 0.19895833333333332 0.5447916666666667 0.31145833333333334 0.15833333333333333
12 0.8583333333333333 0.5166666666666667 0.190625 0.14583333333333334
12 0.17083333333333334 0.35833333333333334 0.2875 0.16770833333333332
12 0.5020833333333333 0.34791666666666665 0.325 0.159375
12 0.796875 0.33541666666666664 0.22708333333333333 0.165625
12 0.25833333333333336 0.140625 0.428125 0.19166666666666668
12 0.7052083333333333 0.12708333333333333 0.40729166666666666 0.19375