8 0.25 0.08854166666666667 0.33541666666666664 0.0625
8 0.24375 0.21770833333333334 0.3697916666666667 0.06458333333333334
8 0.18333333333333332 0.3489583333333333 0.321875 0.09270833333333334
8 0.7916666666666666 0.096875 0.3458333333333333 0.10729166666666666
8 0.7864583333333334 0.25416666666666665 0.38229166666666664 0.11354166666666667
8 0.78125 0.40625 0.34791666666666665 0.08333333333333333
8 0.21770833333333334 0.5197916666666667 0.36041666666666666 0.11458333333333333
8 0.24166666666666667 0.6677083333333333 0.3875 0.09375
8 0.225 0.79375 0.3541666666666667 0.10520833333333333
8 0.48020833333333335 0.9354166666666667 0.34375 0.103125
8 0.7854166666666667 0.7916666666666666 0.3729166666666667 0.09583333333333334
8 0.7645833333333333 0.6697916666666667 0.36354166666666665 0.08333333333333333
8 0.76875 0.5333333333333333 0.321875 0.08958333333333333