9 0.15625 0.06666666666666667 0.2 0.06458333333333334
9 0.31666666666666665 0.25 0.22291666666666668 0.04583333333333333
9 0.09375 0.253125 0.146875 0.03854166666666667
9 0.603125 0.06041666666666667 0.15104166666666666 0.058333333333333334
9 0.5885416666666666 0.159375 0.215625 0.04479166666666667
9 0.5708333333333333 0.2375 0.159375 0.041666666666666664
9 0.796875 0.057291666666666664 0.153125 0.04479166666666667
9 0.8166666666666667 0.23541666666666666 0.1875 0.04583333333333333
9 0.8354166666666667 0.321875 0.13541666666666666 0.0375
9 0.328125 0.8875 0.19583333333333333 0.041666666666666664
9 0.14375 0.8 0.203125 0.07083333333333333
9 0.39166666666666666 0.7927083333333333 0.171875 0.05625
9 0.6197916666666666 0.7854166666666667 0.19375 0.053125
9 0.825 0.7833333333333333 0.14895833333333333 0.052083333333333336
9 0.121875 0.7197916666666667 0.20208333333333334 0.0625
9 0.38645833333333335 0.703125 0.221875 0.05625
9 0.8041666666666667 0.6947916666666667 0.16979166666666667 0.052083333333333336
9 0.10208333333333333 0.559375 0.165625 0.04895833333333333
9 0.35 0.403125 0.20833333333333334 0.04479166666666667
9 0.8291666666666667 0.40208333333333335 0.15833333333333333 0.04375
9 0.6 0.49583333333333335 0.1 0.046875
9 0.7645833333333333 0.49375 0.121875 0.040625
9 0.3416666666666667 0.5625 0.19895833333333332 0.04479166666666667