4 0.25833333333333336 0.140625 0.42291666666666666 0.11041666666666666
4 0.7197916666666667 0.11666666666666667 0.45 0.125
4 0.3104166666666667 0.2947916666666667 0.221875 0.115625
4 0.5822916666666667 0.29270833333333335 0.15625 0.11666666666666667
4 0.8458333333333333 0.278125 0.18541666666666667 0.109375
4 0.17708333333333334 0.44583333333333336 0.32916666666666666 0.09166666666666666
4 0.51875 0.43854166666666666 0.31354166666666666 0.10208333333333333
4 0.8385416666666666 0.43854166666666666 0.2947916666666667 0.096875
4 0.178125 0.65 0.340625 0.09270833333333334
4 0.5239583333333333 0.6520833333333333 0.30416666666666664 0.10833333333333334
4 0.8375 0.6458333333333334 0.2760416666666667 0.12916666666666668
4 0.49895833333333334 0.8770833333333333 0.284375 0.15729166666666666
4 0.8104166666666667 0.8854166666666666 0.2604166666666667 0.14375