4 0.19479166666666667 0.052083333333333336 0.121875 0.09583333333333334
4 0.19270833333333334 0.22708333333333333 0.190625 0.17083333333333334
4 0.43020833333333336 0.096875 0.16458333333333333 0.184375
4 0.640625 0.10208333333333333 0.228125 0.18645833333333334
4 0.859375 0.08333333333333333 0.17708333333333334 0.15104166666666666
4 0.58125 0.3020833333333333 0.5291666666666667 0.16979166666666667
4 0.346875 0.453125 0.53125 0.11354166666666667
4 0.7822916666666667 0.5145833333333333 0.12395833333333334 0.24895833333333334
4 0.565625 0.5875 0.271875 0.06666666666666667
4 0.20625 0.6552083333333333 0.27291666666666664 0.24895833333333334
4 0.4708333333333333 0.696875 0.12395833333333334 0.125
4 0.634375 0.7041666666666667 0.08229166666666667 0.057291666666666664
4 0.7104166666666667 0.7791666666666667 0.26458333333333334 0.057291666666666664
4 0.3145833333333333 0.846875 0.25104166666666666 0.12083333333333333