0 0.11666666666666667 0.05 0.13541666666666666 0.04479166666666667
0 0.48541666666666666 0.052083333333333336 0.14895833333333333 0.040625
0 0.10208333333333333 0.271875 0.121875 0.035416666666666666
0 0.234375 0.26875 0.11458333333333333 0.030208333333333334
0 0.37083333333333335 0.2677083333333333 0.11354166666666667 0.034375
0 0.5041666666666667 0.26875 0.09895833333333333 0.035416666666666666
0 0.10833333333333334 0.3260416666666667 0.13229166666666667 0.034375
0 0.2791666666666667 0.32395833333333335 0.12916666666666668 0.035416666666666666
0 0.4322916666666667 0.325 0.12291666666666666 0.03333333333333333
0 0.5416666666666666 0.3802083333333333 0.13541666666666666 0.0375
0 0.5947916666666667 0.22083333333333333 0.10104166666666667 0.027083333333333334
0 0.7291666666666666 0.22291666666666668 0.09583333333333334 0.035416666666666666
0 0.8510416666666667 0.22916666666666666 0.115625 0.036458333333333336
0 0.6427083333333333 0.26875 0.1125 0.029166666666666667
0 0.7927083333333333 0.2760416666666667 0.10104166666666667 0.034375
0 0.9010416666666666 0.28229166666666666 0.109375 0.03958333333333333
0 0.7416666666666667 0.43645833333333334 0.11041666666666666 0.036458333333333336
0 0.8739583333333333 0.440625 0.10625 0.025
0 0.8291666666666667 0.6552083333333333 0.14375 0.05
0 0.2989583333333333 0.75625 0.13125 0.030208333333333334