5 0.06354166666666666 0.04375 0.07916666666666666 0.020833333333333332
5 0.058333333333333334 0.1 0.071875 0.019791666666666666
5 0.06041666666666667 0.14583333333333334 0.08541666666666667 0.01875
5 0.0625 0.20833333333333334 0.08541666666666667 0.022916666666666665
5 0.06354166666666666 0.2760416666666667 0.08229166666666667 0.019791666666666666
5 0.29270833333333335 0.04479166666666667 0.07604166666666666 0.016666666666666666
5 0.2947916666666667 0.103125 0.08958333333333333 0.019791666666666666
5 0.29270833333333335 0.16666666666666666 0.08958333333333333 0.019791666666666666
5 0.2947916666666667 0.22708333333333333 0.08020833333333334 0.022916666666666665
5 0.30520833333333336 0.296875 0.08125 0.01875
5 0.5520833333333334 0.05625 0.078125 0.017708333333333333
5 0.5635416666666667 0.121875 0.08333333333333333 0.019791666666666666
5 0.559375 0.18020833333333333 0.07708333333333334 0.026041666666666668
5 0.55 0.25729166666666664 0.071875 0.025
5 0.7739583333333333 0.06458333333333334 0.075 0.020833333333333332
5 0.78125 0.13333333333333333 0.08229166666666667 0.025
5 0.7822916666666667 0.20729166666666668 0.0875 0.025
5 0.78125 0.26875 0.07708333333333334 0.027083333333333334
5 0.5510416666666667 0.346875 0.09479166666666666 0.025
5 0.5489583333333333 0.415625 0.07708333333333334 0.022916666666666665
5 0.7729166666666667 0.33645833333333336 0.08541666666666667 0.027083333333333334
5 0.76875 0.415625 0.07395833333333333 0.030208333333333334
5 0.76875 0.4864583333333333 0.075 0.023958333333333335
5 0.540625 0.48020833333333335 0.07916666666666666 0.022916666666666665
5 0.540625 0.5541666666666667 0.07708333333333334 0.022916666666666665
5 0.78125 0.553125 0.08229166666666667 0.025
5 0.059375 0.5510416666666667 0.08229166666666667 0.019791666666666666
5 0.29270833333333335 0.5572916666666666 0.08125 0.021875
5 0.058333333333333334 0.49375 0.084375 0.020833333333333332
5 0.29375 0.496875 0.08229166666666667 0.020833333333333332
5 0.058333333333333334 0.42604166666666665 0.0875 0.019791666666666666
5 0.29375 0.4322916666666667 0.08541666666666667 0.021875
5 0.057291666666666664 0.35 0.07395833333333333 0.023958333333333335
5 0.290625 0.36354166666666665 0.08229166666666667 0.021875
5 0.06458333333333334 0.628125 0.0875 0.021875
5 0.05625 0.703125 0.08020833333333334 0.023958333333333335
5 0.06145833333333333 0.7760416666666666 0.0875 0.019791666666666666
5 0.07083333333333333 0.8395833333333333 0.08854166666666667 0.019791666666666666
5 0.06770833333333333 0.896875 0.09479166666666666 0.022916666666666665
5 0.28958333333333336 0.63125 0.07604166666666666 0.01875
5 0.284375 0.6895833333333333 0.06770833333333333 0.020833333333333332
5 0.28541666666666665 0.7552083333333334 0.078125 0.027083333333333334
5 0.29791666666666666 0.8135416666666667 0.07916666666666666 0.026041666666666668
5 0.296875 0.8635416666666667 0.0625 0.021875
5 0.3104166666666667 0.909375 0.08541666666666667 0.020833333333333332
5 0.5364583333333334 0.890625 0.07708333333333334 0.017708333333333333
5 0.7895833333333333 0.8739583333333333 0.07708333333333334 0.01875
5 0.5385416666666667 0.8322916666666667 0.07395833333333333 0.020833333333333332
5 0.784375 0.8166666666666667 0.07604166666666666 0.027083333333333334
5 0.5427083333333333 0.7604166666666666 0.08229166666666667 0.020833333333333332
5 0.7791666666666667 0.7552083333333334 0.07916666666666666 0.028125
5 0.7770833333333333 0.690625 0.08229166666666667 0.03125
5 0.5385416666666667 0.690625 0.08020833333333334 0.025
5 0.5364583333333334 0.6260416666666667 0.09791666666666667 0.022916666666666665
5 0.778125 0.6208333333333333 0.08645833333333333 0.03229166666666667