4 0.20625 0.10729166666666666 0.26979166666666665 0.08229166666666667
4 0.20833333333333334 0.23645833333333333 0.27708333333333335 0.128125
4 0.6052083333333333 0.08229166666666667 0.2791666666666667 0.11666666666666667
4 0.5895833333333333 0.21354166666666666 0.22916666666666666 0.10208333333333333
4 0.5958333333333333 0.3385416666666667 0.25104166666666666 0.10104166666666667
4 0.19895833333333332 0.3885416666666667 0.28125 0.13125
4 0.53125 0.4479166666666667 0.12291666666666666 0.08958333333333333
4 0.878125 0.10625 0.159375 0.15416666666666667
4 0.8791666666666667 0.28854166666666664 0.178125 0.146875
4 0.9010416666666666 0.6052083333333333 0.14166666666666666 0.11458333333333333
4 0.634375 0.5802083333333333 0.334375 0.115625
4 0.6083333333333333 0.690625 0.315625 0.115625
4 0.875 0.7416666666666667 0.14583333333333334 0.11041666666666666
4 0.8385416666666666 0.8729166666666667 0.17604166666666668 0.103125
4 0.5604166666666667 0.8375 0.30625 0.09583333333333334
4 0.5552083333333333 0.9458333333333333 0.21666666666666667 0.075
4 0.15 0.9416666666666667 0.11770833333333333 0.1
4 0.309375 0.946875 0.11979166666666667 0.08645833333333333
4 0.215625 0.846875 0.2552083333333333 0.07604166666666666
4 0.23854166666666668 0.7385416666666667 0.290625 0.10208333333333333
4 0.24791666666666667 0.6166666666666667 0.2875 0.11458333333333333
4 0.1625 0.5229166666666667 0.15104166666666666 0.07916666666666666