13 0.2833333333333333 0.08125 0.4197916666666667 0.053125
13 0.26458333333333334 0.16875 0.36875 0.04479166666666667
13 0.259375 0.23645833333333333 0.3458333333333333 0.04375
13 0.24479166666666666 0.3072916666666667 0.328125 0.041666666666666664
13 0.7208333333333333 0.08333333333333333 0.34479166666666666 0.03229166666666667
13 0.6989583333333333 0.16354166666666667 0.36041666666666666 0.0375
13 0.6802083333333333 0.22916666666666666 0.32708333333333334 0.034375
13 0.6416666666666667 0.29270833333333335 0.3572916666666667 0.03958333333333333
13 0.22604166666666667 0.37395833333333334 0.3145833333333333 0.03958333333333333
13 0.22083333333333333 0.42916666666666664 0.284375 0.046875
13 0.21145833333333333 0.49166666666666664 0.30833333333333335 0.03854166666666667
13 0.203125 0.540625 0.26458333333333334 0.029166666666666667
13 0.2552083333333333 0.5989583333333334 0.315625 0.04895833333333333
13 0.6177083333333333 0.35625 0.3489583333333333 0.034375
13 0.5885416666666666 0.409375 0.38229166666666664 0.036458333333333336
13 0.5875 0.4708333333333333 0.346875 0.03854166666666667
13 0.578125 0.53125 0.3729166666666667 0.029166666666666667
13 0.6083333333333333 0.5958333333333333 0.2864583333333333 0.0375
13 0.60625 0.6604166666666667 0.31145833333333334 0.042708333333333334
13 0.6125 0.7239583333333334 0.34270833333333334 0.041666666666666664
13 0.6416666666666667 0.7989583333333333 0.37916666666666665 0.041666666666666664
13 0.6364583333333333 0.85625 0.359375 0.03229166666666667
13 0.6302083333333334 0.9135416666666667 0.325 0.03854166666666667
13 0.21354166666666666 0.9291666666666667 0.23958333333333334 0.03229166666666667
13 0.2125 0.8760416666666667 0.28541666666666665 0.04375
13 0.23645833333333333 0.815625 0.33125 0.042708333333333334
13 0.22395833333333334 0.7364583333333333 0.2625 0.04791666666666667
13 0.23541666666666666 0.6697916666666667 0.315625 0.04375