2 0.18541666666666667 0.071875 0.24479166666666666 0.035416666666666666
2 0.18645833333333334 0.134375 0.25729166666666664 0.036458333333333336
2 0.18020833333333333 0.18645833333333334 0.25 0.041666666666666664
2 0.18645833333333334 0.23958333333333334 0.26458333333333334 0.041666666666666664
2 0.190625 0.3 0.2708333333333333 0.04479166666666667
2 0.17395833333333333 0.35625 0.24270833333333333 0.040625
2 0.5177083333333333 0.0625 0.22604166666666667 0.035416666666666666
2 0.5208333333333334 0.109375 0.215625 0.03854166666666667
2 0.5416666666666666 0.159375 0.24375 0.03854166666666667
2 0.5375 0.20520833333333333 0.23958333333333334 0.042708333333333334
2 0.5458333333333333 0.259375 0.24791666666666667 0.042708333333333334
2 0.5364583333333334 0.30833333333333335 0.2375 0.04583333333333333
2 0.84375 0.04791666666666667 0.24270833333333333 0.05
2 0.8333333333333334 0.09583333333333334 0.2375 0.042708333333333334
2 0.8375 0.14166666666666666 0.2375 0.05
2 0.8427083333333333 0.196875 0.2552083333333333 0.05520833333333333
2 0.8458333333333333 0.25 0.2677083333333333 0.046875
2 0.8333333333333334 0.29583333333333334 0.24583333333333332 0.046875
2 0.8375 0.35104166666666664 0.24895833333333334 0.051041666666666666
2 0.546875 0.353125 0.25104166666666666 0.04791666666666667
2 0.1625 0.4125 0.23333333333333334 0.036458333333333336
2 0.17708333333333334 0.47604166666666664 0.2677083333333333 0.03958333333333333
2 0.16979166666666667 0.5375 0.25729166666666664 0.04895833333333333
2 0.16041666666666668 0.5895833333333333 0.240625 0.04895833333333333
2 0.159375 0.6458333333333334 0.253125 0.04583333333333333
2 0.5354166666666667 0.4947916666666667 0.24166666666666667 0.046875
2 0.540625 0.5354166666666667 0.24895833333333334 0.040625
2 0.5333333333333333 0.578125 0.22291666666666668 0.04375
2 0.5333333333333333 0.625 0.22604166666666667 0.04479166666666667
2 0.534375 0.66875 0.225 0.04583333333333333
2 0.8427083333333333 0.40520833333333334 0.2604166666666667 0.053125
2 0.8354166666666667 0.4625 0.23958333333333334 0.04375
2 0.8541666666666666 0.5114583333333333 0.2791666666666667 0.04583333333333333
2 0.8395833333333333 0.56875 0.25 0.04479166666666667
2 0.8447916666666667 0.6135416666666667 0.2625 0.040625
2 0.8427083333333333 0.6739583333333333 0.24479166666666666 0.03229166666666667
2 0.840625 0.7260416666666667 0.2375 0.040625
2 0.8302083333333333 0.778125 0.21041666666666667 0.03333333333333333
2 0.8447916666666667 0.8229166666666666 0.23645833333333333 0.03229166666666667
2 0.5385416666666667 0.7229166666666667 0.23229166666666667 0.05
2 0.5291666666666667 0.7770833333333333 0.21666666666666667 0.04583333333333333
2 0.5354166666666667 0.834375 0.2375 0.04583333333333333
2 0.8375 0.884375 0.240625 0.03854166666666667
2 0.540625 0.8864583333333333 0.253125 0.057291666666666664
2 0.8322916666666667 0.9458333333333333 0.24479166666666666 0.03229166666666667
2 0.190625 0.9354166666666667 0.28958333333333336 0.04791666666666667
2 0.175 0.875 0.275 0.046875
2 0.15833333333333333 0.8166666666666667 0.24791666666666667 0.04791666666666667
2 0.16666666666666666 0.7520833333333333 0.2791666666666667 0.057291666666666664
2 0.15208333333333332 0.7 0.2375 0.041666666666666664
2 0.528125 0.9510416666666667 0.22604166666666667 0.0375