2 0.203125 0.059375 0.25625 0.023958333333333335
2 0.21145833333333333 0.10208333333333333 0.259375 0.029166666666666667
2 0.215625 0.140625 0.2625 0.028125
2 0.21770833333333334 0.17708333333333334 0.259375 0.030208333333333334
2 0.225 0.21354166666666666 0.271875 0.03333333333333333
2 0.23020833333333332 0.24791666666666667 0.2760416666666667 0.034375
2 0.23229166666666667 0.28125 0.275 0.03854166666666667
2 0.24166666666666667 0.31875 0.29583333333333334 0.03854166666666667
2 0.24166666666666667 0.359375 0.28229166666666666 0.036458333333333336
2 0.2520833333333333 0.3927083333333333 0.2947916666666667 0.029166666666666667
2 0.2916666666666667 0.63125 0.32083333333333336 0.04375
2 0.2760416666666667 0.5708333333333333 0.296875 0.036458333333333336
2 0.275 0.528125 0.30625 0.040625
2 0.684375 0.6166666666666667 0.2947916666666667 0.052083333333333336
2 0.6604166666666667 0.515625 0.315625 0.05416666666666667
2 0.5458333333333333 0.034375 0.26458333333333334 0.034375
2 0.559375 0.08333333333333333 0.296875 0.042708333333333334
2 0.5770833333333333 0.13854166666666667 0.30416666666666664 0.046875
2 0.5875 0.20520833333333333 0.303125 0.040625