6 0.05416666666666667 0.06979166666666667 0.084375 0.041666666666666664
6 0.25833333333333336 0.06041666666666667 0.11354166666666667 0.05
6 0.0625 0.14583333333333334 0.07708333333333334 0.03958333333333333
6 0.07395833333333333 0.209375 0.1 0.04479166666666667
6 0.259375 0.19895833333333332 0.12916666666666668 0.04375
6 0.24583333333333332 0.13333333333333333 0.11979166666666667 0.04583333333333333
6 0.4625 0.05520833333333333 0.1 0.042708333333333334
6 0.453125 0.12395833333333334 0.115625 0.042708333333333334
6 0.465625 0.20104166666666667 0.11770833333333333 0.04375
6 0.7854166666666667 0.0375 0.11979166666666667 0.046875
6 0.7708333333333334 0.12291666666666666 0.12916666666666668 0.040625
6 0.7666666666666667 0.20520833333333333 0.12604166666666666 0.04479166666666667
6 0.771875 0.26145833333333335 0.1125 0.046875
6 0.48125 0.27708333333333335 0.12708333333333333 0.03854166666666667
6 0.7375 0.31875 0.10208333333333333 0.035416666666666666
6 0.7385416666666667 0.3854166666666667 0.09895833333333333 0.036458333333333336
6 0.465625 0.325 0.11770833333333333 0.0375
6 0.25833333333333336 0.32916666666666666 0.11354166666666667 0.03958333333333333
6 0.2604166666666667 0.28020833333333334 0.10625 0.03958333333333333
6 0.07291666666666667 0.28854166666666664 0.0875 0.03854166666666667
6 0.06666666666666667 0.33541666666666664 0.09583333333333334 0.036458333333333336
6 0.07291666666666667 0.4041666666666667 0.11666666666666667 0.04791666666666667
6 0.26458333333333334 0.3958333333333333 0.11666666666666667 0.042708333333333334
6 0.4479166666666667 0.4 0.10833333333333334 0.03958333333333333
6 0.06979166666666667 0.471875 0.13125 0.04479166666666667
6 0.26458333333333334 0.4739583333333333 0.121875 0.042708333333333334
6 0.459375 0.4666666666666667 0.11979166666666667 0.041666666666666664
6 0.08125 0.55 0.11666666666666667 0.041666666666666664
6 0.2833333333333333 0.5427083333333333 0.12083333333333333 0.041666666666666664
6 0.278125 0.6072916666666667 0.12083333333333333 0.052083333333333336
6 0.07395833333333333 0.6125 0.11770833333333333 0.04479166666666667
6 0.46041666666666664 0.66875 0.11875 0.04375
6 0.7489583333333333 0.5333333333333333 0.11354166666666667 0.04479166666666667
6 0.06354166666666666 0.7625 0.12083333333333333 0.04791666666666667
6 0.06875 0.8447916666666667 0.096875 0.040625
6 0.06354166666666666 0.915625 0.10833333333333334 0.04791666666666667
6 0.26875 0.9145833333333333 0.11145833333333334 0.04583333333333333
6 0.7260416666666667 0.846875 0.12708333333333333 0.05625
6 0.2791666666666667 0.8291666666666667 0.11458333333333333 0.04791666666666667
6 0.7364583333333333 0.6635416666666667 0.10625 0.04479166666666667