3 0.15729166666666666 0.08854166666666667 0.19791666666666666 0.06979166666666667
3 0.13333333333333333 0.190625 0.1625 0.04375
3 0.490625 0.07395833333333333 0.20833333333333334 0.04375
3 0.7375 0.303125 0.228125 0.046875
3 0.11979166666666667 0.5291666666666667 0.14270833333333333 0.036458333333333336
3 0.140625 0.6010416666666667 0.16979166666666667 0.059375
3 0.40625 0.584375 0.196875 0.06458333333333334
3 0.7145833333333333 0.5708333333333333 0.23645833333333333 0.084375
3 0.7270833333333333 0.49583333333333335 0.2375 0.04791666666666667
3 0.13854166666666667 0.6885416666666667 0.16979166666666667 0.051041666666666666
3 0.41041666666666665 0.6645833333333333 0.18333333333333332 0.05416666666666667
3 0.7114583333333333 0.6510416666666666 0.203125 0.06145833333333333
3 0.11458333333333333 0.7666666666666667 0.12395833333333334 0.051041666666666666
3 0.3489583333333333 0.7489583333333333 0.10833333333333334 0.0375
3 0.55 0.7322916666666667 0.14479166666666668 0.03854166666666667
3 0.7260416666666667 0.715625 0.115625 0.04895833333333333
3 0.85625 0.7114583333333333 0.12291666666666666 0.040625
3 0.12395833333333334 0.8364583333333333 0.13229166666666667 0.05
3 0.3614583333333333 0.8104166666666667 0.1375 0.0375
3 0.5729166666666666 0.7979166666666667 0.16458333333333333 0.04375
3 0.778125 0.7864583333333334 0.15729166666666666 0.04375
3 0.1625 0.9 0.15104166666666666 0.03333333333333333
3 0.375 0.8895833333333333 0.13020833333333334 0.03333333333333333
3 0.5604166666666667 0.8791666666666667 0.146875 0.03125
3 0.7697916666666667 0.8729166666666667 0.178125 0.029166666666666667
3 0.215625 0.9489583333333333 0.18854166666666666 0.040625
3 0.47291666666666665 0.9385416666666667 0.16875 0.03229166666666667
3 0.725 0.9322916666666666 0.190625 0.036458333333333336