13 0.25 0.08020833333333334 0.2791666666666667 0.03229166666666667
13 0.25729166666666664 0.14375 0.271875 0.030208333333333334
13 0.2791666666666667 0.20416666666666666 0.31145833333333334 0.03125
13 0.2791666666666667 0.26145833333333335 0.30520833333333336 0.03229166666666667
13 0.2791666666666667 0.309375 0.2947916666666667 0.03229166666666667
13 0.28854166666666664 0.3802083333333333 0.29791666666666666 0.040625
13 0.3 0.44583333333333336 0.31145833333333334 0.052083333333333336
13 0.275 0.5145833333333333 0.253125 0.041666666666666664
13 0.26979166666666665 0.5677083333333334 0.296875 0.03125
13 0.7822916666666667 0.029166666666666667 0.31666666666666665 0.03958333333333333
13 0.7625 0.08541666666666667 0.27708333333333335 0.03958333333333333
13 0.76875 0.14270833333333333 0.29583333333333334 0.03854166666666667
13 0.8041666666666667 0.21770833333333334 0.33125 0.046875
13 0.7979166666666667 0.28020833333333334 0.27708333333333335 0.03958333333333333
13 0.796875 0.325 0.275 0.03854166666666667
13 0.8114583333333333 0.396875 0.3177083333333333 0.053125
13 0.8229166666666666 0.46145833333333336 0.2864583333333333 0.05520833333333333
13 0.803125 0.5302083333333333 0.24479166666666666 0.041666666666666664
13 0.603125 0.5729166666666666 0.2635416666666667 0.034375
13 0.8479166666666667 0.578125 0.18854166666666666 0.030208333333333334
13 0.5802083333333333 0.625 0.228125 0.029166666666666667
13 0.81875 0.6239583333333333 0.203125 0.027083333333333334
13 0.8104166666666667 0.6947916666666667 0.17916666666666667 0.027083333333333334
13 0.5520833333333334 0.7020833333333333 0.26875 0.03229166666666667
13 0.5885416666666666 0.7729166666666667 0.2875 0.03854166666666667
13 0.840625 0.76875 0.17291666666666666 0.029166666666666667
13 0.6979166666666666 0.8375 0.41041666666666665 0.04479166666666667
13 0.6364583333333333 0.9010416666666666 0.36875 0.035416666666666666
13 0.22916666666666666 0.9 0.3385416666666667 0.035416666666666666
13 0.2625 0.840625 0.396875 0.034375
13 0.23541666666666666 0.784375 0.31354166666666666 0.036458333333333336
13 0.228125 0.7104166666666667 0.296875 0.034375
13 0.2708333333333333 0.6489583333333333 0.32395833333333335 0.03125