10 0.2552083333333333 0.058333333333333334 0.3854166666666667 0.04479166666666667
10 0.26145833333333335 0.12604166666666666 0.37916666666666665 0.04375
10 0.671875 0.053125 0.41458333333333336 0.040625
10 0.6697916666666667 0.11458333333333333 0.40208333333333335 0.034375
10 0.25 0.18854166666666666 0.37604166666666666 0.059375
10 0.6916666666666667 0.18645833333333334 0.39479166666666665 0.06770833333333333
10 0.25 0.278125 0.36770833333333336 0.06770833333333333
10 0.69375 0.26458333333333334 0.396875 0.05625
10 0.25104166666666666 0.35625 0.3854166666666667 0.04583333333333333
10 0.6927083333333334 0.340625 0.40520833333333334 0.0375
10 0.16354166666666667 0.4197916666666667 0.21354166666666666 0.042708333333333334
10 0.4270833333333333 0.409375 0.23854166666666668 0.0375
10 0.6885416666666667 0.4041666666666667 0.20416666666666666 0.034375
10 0.25104166666666666 0.49270833333333336 0.39166666666666666 0.04479166666666667
10 0.6427083333333333 0.48020833333333335 0.296875 0.03854166666666667
10 0.27708333333333335 0.559375 0.459375 0.05625
10 0.7520833333333333 0.540625 0.4 0.0375
10 0.259375 0.6302083333333334 0.4375 0.053125
10 0.7364583333333333 0.615625 0.403125 0.046875
10 0.24166666666666667 0.7104166666666667 0.390625 0.05
10 0.6895833333333333 0.7041666666666667 0.3645833333333333 0.03333333333333333
10 0.27708333333333335 0.7729166666666667 0.4791666666666667 0.03958333333333333
10 0.709375 0.7708333333333334 0.328125 0.03229166666666667
10 0.2760416666666667 0.8270833333333333 0.459375 0.04375
10 0.7 0.821875 0.32916666666666666 0.03333333333333333
10 0.275 0.8822916666666667 0.46875 0.040625
10 0.7145833333333333 0.875 0.321875 0.036458333333333336
10 0.15520833333333334 0.93125 0.20833333333333334 0.04479166666666667
10 0.4479166666666667 0.9302083333333333 0.2791666666666667 0.036458333333333336
10 0.74375 0.9291666666666667 0.23333333333333334 0.035416666666666666