4 0.20833333333333334 0.165625 0.284375 0.18958333333333333
4 0.5364583333333334 0.16458333333333333 0.17083333333333334 0.18958333333333333
4 0.765625 0.14895833333333333 0.15625 0.16770833333333332
4 0.7708333333333334 0.378125 0.24270833333333333 0.21875
4 0.4739583333333333 0.40729166666666666 0.23645833333333333 0.21770833333333334
4 0.20729166666666668 0.39791666666666664 0.25729166666666664 0.21041666666666667
4 0.18958333333333333 0.60625 0.259375 0.15625
4 0.4791666666666667 0.61875 0.24166666666666667 0.18020833333333333
4 0.796875 0.6166666666666667 0.296875 0.17604166666666668
4 0.22395833333333334 0.8302083333333333 0.31979166666666664 0.14895833333333333
4 0.5822916666666667 0.8416666666666667 0.309375 0.11041666666666666
4 0.8604166666666667 0.853125 0.18020833333333333 0.146875