5 0.042708333333333334 0.022916666666666665 0.06875 0.026041666666666668
5 0.22395833333333334 0.0125 0.096875 0.019791666666666666
5 0.43645833333333334 0.040625 0.09270833333333334 0.025
5 0.6364583333333333 0.036458333333333336 0.10625 0.029166666666666667
5 0.8489583333333334 0.035416666666666666 0.10520833333333333 0.028125
5 0.04583333333333333 0.07291666666666667 0.08020833333333334 0.025
5 0.22083333333333333 0.05625 0.09375 0.026041666666666668
5 0.21145833333333333 0.12604166666666666 0.09166666666666666 0.026041666666666668
5 0.4270833333333333 0.10729166666666666 0.09166666666666666 0.022916666666666665
5 0.21354166666666666 0.18541666666666667 0.09270833333333334 0.016666666666666666
5 0.042708333333333334 0.20104166666666667 0.06979166666666667 0.01875
5 0.4114583333333333 0.16770833333333332 0.09270833333333334 0.023958333333333335
5 0.628125 0.09166666666666666 0.109375 0.020833333333333332
5 0.8458333333333333 0.08854166666666667 0.10208333333333333 0.026041666666666668
5 0.6208333333333333 0.15104166666666666 0.10729166666666666 0.022916666666666665
5 0.8614583333333333 0.140625 0.10104166666666667 0.026041666666666668
5 0.8666666666666667 0.1875 0.10729166666666666 0.022916666666666665
5 0.609375 0.20416666666666666 0.11145833333333334 0.020833333333333332
5 0.42083333333333334 0.2125 0.08854166666666667 0.026041666666666668
5 0.21666666666666667 0.228125 0.09479166666666666 0.020833333333333332
5 0.21041666666666667 0.28541666666666665 0.08645833333333333 0.021875
5 0.4270833333333333 0.2708333333333333 0.09479166666666666 0.021875
5 0.6135416666666667 0.2625 0.10208333333333333 0.021875
5 0.041666666666666664 0.24479166666666666 0.06979166666666667 0.021875
5 0.871875 0.240625 0.11041666666666666 0.023958333333333335
5 0.85625 0.29583333333333334 0.10208333333333333 0.025
5 0.6145833333333334 0.30625 0.10729166666666666 0.020833333333333332
5 0.4239583333333333 0.315625 0.09270833333333334 0.019791666666666666
5 0.209375 0.32708333333333334 0.0875 0.015625
5 0.19895833333333332 0.3770833333333333 0.08333333333333333 0.019791666666666666
5 0.4166666666666667 0.36666666666666664 0.08958333333333333 0.020833333333333332
5 0.6083333333333333 0.35520833333333335 0.09166666666666666 0.022916666666666665
5 0.8552083333333333 0.3416666666666667 0.12395833333333334 0.026041666666666668
5 0.8385416666666666 0.39791666666666664 0.10729166666666666 0.023958333333333335
5 0.6125 0.41354166666666664 0.1 0.021875
5 0.40520833333333334 0.421875 0.09375 0.01875
5 0.196875 0.4354166666666667 0.08958333333333333 0.022916666666666665
5 0.19375 0.48020833333333335 0.090625 0.019791666666666666
5 0.409375 0.4708333333333333 0.08854166666666667 0.020833333333333332
5 0.5989583333333334 0.459375 0.1 0.019791666666666666
5 0.8354166666666667 0.44479166666666664 0.11458333333333333 0.021875
5 0.8458333333333333 0.484375 0.11145833333333334 0.020833333333333332
5 0.8447916666666667 0.540625 0.12395833333333334 0.021875
5 0.6052083333333333 0.5010416666666667 0.09479166666666666 0.019791666666666666
5 0.4114583333333333 0.50625 0.08541666666666667 0.019791666666666666
5 0.20625 0.515625 0.09791666666666667 0.021875
5 0.20625 0.5677083333333334 0.08958333333333333 0.01875
5 0.41770833333333335 0.5572916666666666 0.1 0.019791666666666666
5 0.5979166666666667 0.5510416666666667 0.10729166666666666 0.023958333333333335
5 0.6083333333333333 0.6041666666666666 0.10625 0.025
5 0.39895833333333336 0.6104166666666667 0.11041666666666666 0.015625
5 0.20833333333333334 0.615625 0.08958333333333333 0.019791666666666666
5 0.19895833333333332 0.659375 0.08541666666666667 0.020833333333333332
5 0.39166666666666666 0.653125 0.1 0.020833333333333332
5 0.6114583333333333 0.64375 0.11354166666666667 0.021875
5 0.603125 0.696875 0.10416666666666667 0.023958333333333335
5 0.39166666666666666 0.7145833333333333 0.1 0.021875
5 0.19895833333333332 0.7260416666666667 0.0875 0.017708333333333333
5 0.19791666666666666 0.778125 0.09479166666666666 0.01875
5 0.38125 0.7677083333333333 0.109375 0.019791666666666666
5 0.6 0.7552083333333334 0.115625 0.020833333333333332
5 0.60625 0.803125 0.12395833333333334 0.021875
5 0.3770833333333333 0.8208333333333333 0.11041666666666666 0.021875
5 0.196875 0.8354166666666667 0.096875 0.01875
5 0.3802083333333333 0.8708333333333333 0.1125 0.020833333333333332
5 0.5989583333333334 0.8520833333333333 0.11770833333333333 0.022916666666666665
5 0.19791666666666666 0.8854166666666666 0.09895833333333333 0.021875
5 0.19166666666666668 0.9583333333333334 0.0875 0.019791666666666666
5 0.378125 0.95 0.096875 0.023958333333333335