13 0.325 0.059375 0.33125 0.04895833333333333
13 0.296875 0.1125 0.2791666666666667 0.041666666666666664
13 0.30833333333333335 0.16041666666666668 0.23958333333333334 0.020833333333333332
13 0.3020833333333333 0.19375 0.23854166666666668 0.029166666666666667
13 0.30104166666666665 0.22916666666666666 0.25 0.028125
13 0.29791666666666666 0.26458333333333334 0.25729166666666664 0.03125
13 0.2947916666666667 0.3020833333333333 0.2635416666666667 0.027083333333333334
13 0.7364583333333333 0.04895833333333333 0.296875 0.03958333333333333
13 0.64375 0.09895833333333333 0.33958333333333335 0.035416666666666666
13 0.66875 0.15416666666666667 0.215625 0.020833333333333332
13 0.6697916666666667 0.18854166666666666 0.221875 0.022916666666666665
13 0.6708333333333333 0.221875 0.22395833333333334 0.029166666666666667
13 0.6677083333333333 0.25729166666666664 0.22083333333333333 0.022916666666666665
13 0.6677083333333333 0.29583333333333334 0.21979166666666666 0.025
13 0.66875 0.3302083333333333 0.23020833333333332 0.030208333333333334
13 0.6666666666666666 0.3729166666666667 0.23020833333333332 0.027083333333333334
13 0.6645833333333333 0.40729166666666666 0.240625 0.026041666666666668
13 0.659375 0.44375 0.24791666666666667 0.03229166666666667
13 0.6520833333333333 0.478125 0.24791666666666667 0.021875
13 0.64375 0.53125 0.346875 0.03229166666666667
13 0.290625 0.34791666666666665 0.2635416666666667 0.029166666666666667
13 0.2864583333333333 0.38229166666666664 0.2677083333333333 0.029166666666666667
13 0.28125 0.42083333333333334 0.26979166666666665 0.036458333333333336
13 0.27395833333333336 0.4625 0.275 0.030208333333333334
13 0.240625 0.5427083333333333 0.29270833333333335 0.041666666666666664
13 0.23229166666666667 0.609375 0.39791666666666664 0.046875
13 0.659375 0.6052083333333333 0.396875 0.036458333333333336
13 0.5822916666666667 0.6635416666666667 0.203125 0.03958333333333333
13 0.809375 0.6583333333333333 0.18541666666666667 0.03125
13 0.6229166666666667 0.7385416666666667 0.3458333333333333 0.034375
13 0.7166666666666667 0.8052083333333333 0.23958333333333334 0.029166666666666667
13 0.775 0.8677083333333333 0.21041666666666667 0.026041666666666668
13 0.49895833333333334 0.8729166666666667 0.2791666666666667 0.028125
13 0.44166666666666665 0.80625 0.221875 0.03229166666666667
13 0.20104166666666667 0.878125 0.2760416666666667 0.027083333333333334
13 0.17291666666666666 0.8166666666666667 0.23020833333333332 0.03229166666666667
13 0.21145833333333333 0.746875 0.33645833333333336 0.03229166666666667
13 0.23125 0.6833333333333333 0.35833333333333334 0.03854166666666667