3 0.20416666666666666 0.08020833333333334 0.19270833333333334 0.05
3 0.21458333333333332 0.16458333333333333 0.20104166666666667 0.051041666666666666
3 0.21458333333333332 0.26145833333333335 0.18020833333333333 0.04375
3 0.609375 0.08645833333333333 0.18125 0.041666666666666664
3 0.6270833333333333 0.175 0.18854166666666666 0.04791666666666667
3 0.6447916666666667 0.2677083333333333 0.18645833333333334 0.04375
3 0.21875 0.37083333333333335 0.18229166666666666 0.04791666666666667
3 0.225 0.47604166666666664 0.21354166666666666 0.05625
3 0.22291666666666668 0.5895833333333333 0.21354166666666666 0.053125
3 0.6479166666666667 0.371875 0.18958333333333333 0.05
3 0.6708333333333333 0.46770833333333334 0.196875 0.05520833333333333
3 0.6708333333333333 0.571875 0.2 0.04895833333333333
3 0.6729166666666667 0.6864583333333333 0.20104166666666667 0.046875
3 0.64375 0.7854166666666667 0.20104166666666667 0.05625
3 0.6729166666666667 0.8625 0.22916666666666666 0.05520833333333333
3 0.19791666666666666 0.89375 0.2125 0.06875
3 0.20625 0.8020833333333334 0.21458333333333332 0.065625
3 0.21041666666666667 0.6979166666666666 0.19166666666666668 0.053125