9 0.15416666666666667 0.059375 0.16875 0.035416666666666666
9 0.14166666666666666 0.12395833333333334 0.16666666666666666 0.0375
9 0.13333333333333333 0.184375 0.1625 0.035416666666666666
9 0.13541666666666666 0.23854166666666668 0.18125 0.03958333333333333
9 0.12083333333333333 0.31979166666666664 0.15 0.036458333333333336
9 0.128125 0.39895833333333336 0.159375 0.041666666666666664
9 0.12916666666666668 0.471875 0.15520833333333334 0.041666666666666664
9 0.35833333333333334 0.45 0.159375 0.035416666666666666
9 0.365625 0.37604166666666666 0.17604166666666668 0.034375
9 0.37604166666666666 0.2989583333333333 0.17291666666666666 0.03229166666666667
9 0.4197916666666667 0.215625 0.25729166666666664 0.041666666666666664
9 0.384375 0.16770833333333332 0.18645833333333334 0.03958333333333333
9 0.38125 0.10520833333333333 0.171875 0.0375
9 0.384375 0.04895833333333333 0.175 0.03854166666666667
9 0.6770833333333334 0.036458333333333336 0.14166666666666666 0.030208333333333334
9 0.678125 0.08333333333333333 0.15416666666666667 0.03229166666666667
9 0.6895833333333333 0.140625 0.17395833333333333 0.03229166666666667
9 0.6979166666666666 0.203125 0.17708333333333334 0.03229166666666667
9 0.6083333333333333 0.29270833333333335 0.16458333333333333 0.03229166666666667
9 0.8416666666666667 0.28125 0.16875 0.03333333333333333
9 0.596875 0.3572916666666667 0.15416666666666667 0.034375
9 0.5895833333333333 0.428125 0.16145833333333334 0.040625
9 0.8104166666666667 0.4166666666666667 0.16354166666666667 0.03854166666666667
9 0.8145833333333333 0.34375 0.15416666666666667 0.03854166666666667
9 0.140625 0.6145833333333334 0.15208333333333332 0.04375
9 0.12708333333333333 0.6770833333333334 0.140625 0.040625
9 0.14166666666666666 0.7395833333333334 0.14479166666666668 0.034375
9 0.359375 0.5895833333333333 0.16458333333333333 0.04479166666666667
9 0.35208333333333336 0.6510416666666666 0.146875 0.03958333333333333
9 0.35625 0.7197916666666667 0.146875 0.03854166666666667
9 0.453125 0.5166666666666667 0.16979166666666667 0.03854166666666667
9 0.6885416666666667 0.49895833333333334 0.18333333333333332 0.03854166666666667
9 0.8802083333333334 0.48333333333333334 0.1375 0.034375
9 0.575 0.5708333333333333 0.13958333333333334 0.03229166666666667
9 0.7895833333333333 0.553125 0.15520833333333334 0.0375
9 0.8 0.6052083333333333 0.16458333333333333 0.041666666666666664
9 0.5947916666666667 0.63125 0.15729166666666666 0.042708333333333334
9 0.59375 0.6854166666666667 0.16145833333333334 0.042708333333333334
9 0.8020833333333334 0.66875 0.16041666666666668 0.03333333333333333
9 0.15 0.803125 0.16770833333333332 0.03125
9 0.14583333333333334 0.8520833333333333 0.14166666666666666 0.035416666666666666
9 0.16770833333333332 0.9083333333333333 0.18645833333333334 0.042708333333333334
9 0.34375 0.8385416666666666 0.18125 0.03854166666666667
9 0.37604166666666666 0.7833333333333333 0.15625 0.03854166666666667
9 0.6020833333333333 0.7666666666666667 0.14479166666666668 0.036458333333333336
9 0.7958333333333333 0.7552083333333334 0.15625 0.025
9 0.7927083333333333 0.8166666666666667 0.16458333333333333 0.03229166666666667
9 0.5875 0.8260416666666667 0.159375 0.03125
9 0.434375 0.89375 0.19375 0.03854166666666667
9 0.6770833333333334 0.8822916666666667 0.171875 0.03333333333333333
9 0.85 0.8697916666666666 0.12708333333333333 0.023958333333333335
9 0.228125 0.95 0.1625 0.03229166666666667
9 0.4666666666666667 0.9458333333333333 0.17291666666666666 0.029166666666666667
9 0.878125 0.9260416666666667 0.12916666666666668 0.03125