10 0.12916666666666668 0.03125 0.165625 0.027083333333333334
10 0.13333333333333333 0.08645833333333333 0.165625 0.027083333333333334
10 0.5208333333333334 0.046875 0.17083333333333334 0.03333333333333333
10 0.5375 0.09479166666666666 0.171875 0.03125
10 0.6552083333333333 0.14270833333333333 0.38125 0.035416666666666666
10 0.14270833333333333 0.14583333333333334 0.178125 0.03333333333333333
10 0.20104166666666667 0.2 0.3020833333333333 0.03854166666666667
10 0.675 0.19166666666666668 0.3927083333333333 0.05
10 0.21041666666666667 0.27395833333333336 0.3375 0.03958333333333333
10 0.678125 0.25729166666666664 0.4197916666666667 0.05625
10 0.21979166666666666 0.3541666666666667 0.35625 0.04791666666666667
10 0.684375 0.334375 0.425 0.05520833333333333
10 0.23229166666666667 0.42291666666666666 0.37604166666666666 0.057291666666666664
10 0.6947916666666667 0.39791666666666664 0.40729166666666666 0.06145833333333333
10 0.24583333333333332 0.49375 0.39791666666666664 0.053125
10 0.6979166666666666 0.46979166666666666 0.41041666666666665 0.06979166666666667
10 0.25104166666666666 0.5604166666666667 0.4010416666666667 0.04895833333333333
10 0.7270833333333333 0.5322916666666667 0.421875 0.065625
10 0.2677083333333333 0.6354166666666666 0.43020833333333336 0.06666666666666667
10 0.753125 0.6010416666666667 0.40625 0.075
10 0.2760416666666667 0.7229166666666667 0.45208333333333334 0.06770833333333333
10 0.7552083333333334 0.6854166666666667 0.41041666666666665 0.071875
10 0.29270833333333335 0.8104166666666667 0.4708333333333333 0.08645833333333333
10 0.7697916666666667 0.7708333333333334 0.38229166666666664 0.06666666666666667
10 0.3104166666666667 0.9072916666666667 0.50625 0.06458333333333334
10 0.790625 0.8802083333333334 0.365625 0.06875