8 0.22291666666666668 0.11666666666666667 0.365625 0.13125
8 0.6208333333333333 0.11666666666666667 0.28854166666666664 0.109375
8 0.5947916666666667 0.28229166666666666 0.29270833333333335 0.08958333333333333
8 0.18333333333333332 0.321875 0.3020833333333333 0.09895833333333333
8 0.190625 0.4625 0.31875 0.08958333333333333
8 0.634375 0.428125 0.36354166666666665 0.08333333333333333
8 0.659375 0.5447916666666667 0.3489583333333333 0.08541666666666667
8 0.19166666666666668 0.5854166666666667 0.321875 0.09270833333333334
8 0.6708333333333333 0.675 0.37083333333333335 0.08854166666666667
8 0.2125 0.7 0.36354166666666665 0.1
8 0.6395833333333333 0.790625 0.3125 0.08020833333333334
8 0.19166666666666668 0.8020833333333334 0.3489583333333333 0.090625
8 0.21666666666666667 0.9125 0.36770833333333336 0.1125
8 0.6354166666666666 0.9072916666666667 0.30416666666666664 0.10520833333333333