4 0.20520833333333333 0.10625 0.2708333333333333 0.084375
4 0.6041666666666666 0.08020833333333334 0.28229166666666666 0.11666666666666667
4 0.20729166666666668 0.2375 0.278125 0.13020833333333334
4 0.5885416666666666 0.21354166666666666 0.23020833333333332 0.10104166666666667
4 0.875 0.10833333333333334 0.16770833333333332 0.1625
4 0.8791666666666667 0.28958333333333336 0.18229166666666666 0.14791666666666667
4 0.19895833333333332 0.3885416666666667 0.284375 0.13125
4 0.59375 0.3385416666666667 0.24791666666666667 0.09895833333333333
4 0.15833333333333333 0.5229166666666667 0.15104166666666666 0.08229166666666667
4 0.5302083333333333 0.4479166666666667 0.12708333333333333 0.08958333333333333
4 0.8729166666666667 0.44166666666666665 0.15416666666666667 0.11666666666666667
4 0.24791666666666667 0.615625 0.28541666666666665 0.115625
4 0.634375 0.5802083333333333 0.334375 0.11458333333333333
4 0.8989583333333333 0.60625 0.14375 0.11875
4 0.23645833333333333 0.7385416666666667 0.28958333333333336 0.10208333333333333
4 0.60625 0.6895833333333333 0.31875 0.11770833333333333
4 0.8729166666666667 0.7416666666666667 0.146875 0.11145833333333334
4 0.8395833333333333 0.8729166666666667 0.17395833333333333 0.10520833333333333
4 0.5572916666666666 0.8395833333333333 0.3072916666666667 0.09479166666666666
4 0.215625 0.846875 0.25625 0.07916666666666666
4 0.14479166666666668 0.940625 0.12395833333333334 0.10208333333333333
4 0.3072916666666667 0.9479166666666666 0.11458333333333333 0.08854166666666667
4 0.55 0.946875 0.22083333333333333 0.07291666666666667