6 0.09166666666666666 0.027083333333333334 0.06770833333333333 0.025
6 0.096875 0.090625 0.090625 0.03229166666666667
6 0.31875 0.025 0.08020833333333334 0.022916666666666665
6 0.3125 0.09166666666666666 0.09166666666666666 0.029166666666666667
6 0.31979166666666664 0.16458333333333333 0.10104166666666667 0.027083333333333334
6 0.08958333333333333 0.16354166666666667 0.1125 0.036458333333333336
6 0.09583333333333334 0.24479166666666666 0.10625 0.03125
6 0.3145833333333333 0.240625 0.10416666666666667 0.03333333333333333
6 0.090625 0.3145833333333333 0.0875 0.028125
6 0.5416666666666666 0.022916666666666665 0.07291666666666667 0.026041666666666668
6 0.5427083333333333 0.090625 0.08229166666666667 0.028125
6 0.5458333333333333 0.16458333333333333 0.08333333333333333 0.029166666666666667
6 0.5583333333333333 0.23958333333333334 0.07604166666666666 0.028125
6 0.5625 0.3104166666666667 0.07291666666666667 0.028125
6 0.7541666666666667 0.023958333333333335 0.07708333333333334 0.025
6 0.75625 0.096875 0.090625 0.021875
6 0.75625 0.16770833333333332 0.09270833333333334 0.022916666666666665
6 0.75625 0.24166666666666667 0.07604166666666666 0.026041666666666668
6 0.7645833333333333 0.31145833333333334 0.07708333333333334 0.027083333333333334
6 0.9333333333333333 0.023958333333333335 0.07291666666666667 0.026041666666666668
6 0.9385416666666667 0.09479166666666666 0.071875 0.027083333333333334
6 0.9375 0.16458333333333333 0.08125 0.022916666666666665
6 0.9458333333333333 0.23854166666666668 0.07395833333333333 0.029166666666666667
6 0.953125 0.3072916666666667 0.06875 0.025
6 0.575 0.38958333333333334 0.07916666666666666 0.03333333333333333
6 0.5875 0.45625 0.06979166666666667 0.027083333333333334
6 0.5927083333333333 0.5166666666666667 0.071875 0.030208333333333334
6 0.7739583333333333 0.390625 0.078125 0.03229166666666667
6 0.784375 0.45 0.08020833333333334 0.03125
6 0.8052083333333333 0.50625 0.09479166666666666 0.03229166666666667
6 0.9510416666666667 0.44895833333333335 0.08020833333333334 0.03333333333333333
6 0.9583333333333334 0.38645833333333335 0.06770833333333333 0.029166666666666667
6 0.60625 0.5864583333333333 0.08541666666666667 0.030208333333333334
6 0.8052083333333333 0.5791666666666667 0.07708333333333334 0.029166666666666667
6 0.60625 0.659375 0.06770833333333333 0.03229166666666667
6 0.8166666666666667 0.6510416666666666 0.06979166666666667 0.030208333333333334
6 0.6114583333333333 0.7447916666666666 0.09166666666666666 0.03125
6 0.8145833333333333 0.7458333333333333 0.071875 0.030208333333333334
6 0.9614583333333333 0.7427083333333333 0.065625 0.027083333333333334
6 0.34270833333333334 0.746875 0.07604166666666666 0.03125
6 0.090625 0.7520833333333333 0.08229166666666667 0.0375
6 0.0875 0.684375 0.09479166666666666 0.03958333333333333
6 0.34270833333333334 0.675 0.07291666666666667 0.029166666666666667
6 0.09270833333333334 0.6114583333333333 0.09479166666666666 0.0375
6 0.359375 0.596875 0.08229166666666667 0.034375
6 0.08958333333333333 0.54375 0.08645833333333333 0.042708333333333334
6 0.353125 0.4625 0.07604166666666666 0.03333333333333333
6 0.0875 0.39375 0.08958333333333333 0.03333333333333333
6 0.3385416666666667 0.3875 0.08958333333333333 0.030208333333333334
6 0.334375 0.30833333333333335 0.08958333333333333 0.03125
6 0.08854166666666667 0.8260416666666667 0.10208333333333333 0.04375
6 0.09583333333333334 0.9020833333333333 0.096875 0.046875
6 0.33645833333333336 0.821875 0.07083333333333333 0.036458333333333336
6 0.3385416666666667 0.9083333333333333 0.08854166666666667 0.03854166666666667
6 0.6166666666666667 0.8260416666666667 0.096875 0.034375
6 0.6354166666666666 0.9010416666666666 0.08020833333333334 0.036458333333333336
6 0.8072916666666666 0.8260416666666667 0.07708333333333334 0.027083333333333334
6 0.809375 0.9052083333333333 0.07291666666666667 0.03333333333333333
6 0.9510416666666667 0.903125 0.075 0.0375
6 0.9583333333333334 0.8229166666666666 0.075 0.03125
6 0.9583333333333334 0.65 0.08229166666666667 0.03229166666666667
6 0.9541666666666667 0.5739583333333333 0.07916666666666666 0.03333333333333333
6 0.36041666666666666 0.5333333333333333 0.09270833333333334 0.04375
6 0.090625 0.4739583333333333 0.10208333333333333 0.035416666666666666