10 0.26979166666666665 0.057291666666666664 0.365625 0.053125
10 0.2604166666666667 0.14583333333333334 0.3645833333333333 0.041666666666666664
10 0.25104166666666666 0.2125 0.3625 0.051041666666666666
10 0.24375 0.28229166666666666 0.35833333333333334 0.059375
10 0.23541666666666666 0.36666666666666664 0.3458333333333333 0.059375
10 0.23125 0.42291666666666666 0.35 0.04791666666666667
10 0.22604166666666667 0.49375 0.34479166666666666 0.0625
10 0.221875 0.5677083333333334 0.3416666666666667 0.058333333333333334
10 0.25833333333333336 0.6364583333333333 0.3572916666666667 0.04895833333333333
10 0.28125 0.6958333333333333 0.31666666666666665 0.0375
10 0.75625 0.703125 0.25729166666666664 0.034375
10 0.76875 0.646875 0.2604166666666667 0.040625
10 0.7791666666666667 0.5875 0.3072916666666667 0.04479166666666667
10 0.7864583333333334 0.5322916666666667 0.284375 0.040625
10 0.790625 0.4635416666666667 0.275 0.06041666666666667
10 0.7875 0.2864583333333333 0.2625 0.05625
10 0.7927083333333333 0.21041666666666667 0.26458333333333334 0.046875
10 0.8020833333333334 0.13333333333333333 0.2708333333333333 0.03854166666666667