13 0.31875 0.071875 0.3458333333333333 0.052083333333333336
13 0.7375 0.057291666666666664 0.303125 0.0375
13 0.2916666666666667 0.128125 0.2864583333333333 0.04791666666666667
13 0.64375 0.11145833333333334 0.3489583333333333 0.040625
13 0.3020833333333333 0.17708333333333334 0.24791666666666667 0.022916666666666665
13 0.2947916666666667 0.2125 0.24479166666666666 0.027083333333333334
13 0.2947916666666667 0.246875 0.253125 0.030208333333333334
13 0.66875 0.16666666666666666 0.22291666666666668 0.022916666666666665
13 0.6697916666666667 0.20208333333333334 0.23020833333333332 0.023958333333333335
13 0.29270833333333335 0.28125 0.25833333333333336 0.029166666666666667
13 0.28854166666666664 0.3177083333333333 0.265625 0.027083333333333334
13 0.284375 0.365625 0.2625 0.029166666666666667
13 0.2791666666666667 0.39895833333333336 0.26875 0.03125
13 0.27395833333333336 0.4375 0.271875 0.036458333333333336
13 0.26666666666666666 0.48020833333333335 0.28020833333333334 0.03125
13 0.6697916666666667 0.23541666666666666 0.23229166666666667 0.03125
13 0.665625 0.2708333333333333 0.225 0.023958333333333335
13 0.6645833333333333 0.3104166666666667 0.22708333333333333 0.03125
13 0.6645833333333333 0.34375 0.2375 0.035416666666666666
13 0.6625 0.38645833333333335 0.24375 0.030208333333333334
13 0.6625 0.4197916666666667 0.25 0.027083333333333334
13 0.6541666666666667 0.45625 0.259375 0.03229166666666667
13 0.646875 0.490625 0.259375 0.022916666666666665
13 0.23020833333333332 0.5572916666666666 0.30520833333333336 0.04479166666666667
13 0.6395833333333333 0.54375 0.36041666666666666 0.03229166666666667
13 0.21875 0.6239583333333333 0.4083333333333333 0.053125
13 0.653125 0.615625 0.4114583333333333 0.0375
13 0.21666666666666667 0.7 0.36770833333333336 0.04479166666666667
13 0.5739583333333333 0.6770833333333334 0.21041666666666667 0.042708333333333334
13 0.8072916666666666 0.66875 0.19375 0.0375
13 0.19479166666666667 0.7645833333333333 0.3458333333333333 0.03854166666666667
13 0.6145833333333334 0.7541666666666667 0.35625 0.036458333333333336
13 0.153125 0.834375 0.23645833333333333 0.03854166666666667
13 0.18229166666666666 0.8979166666666667 0.28229166666666666 0.03125
13 0.43020833333333336 0.8229166666666666 0.228125 0.035416666666666666
13 0.4875 0.8916666666666667 0.29270833333333335 0.03229166666666667
13 0.7114583333333333 0.8197916666666667 0.24791666666666667 0.03229166666666667
13 0.771875 0.884375 0.22083333333333333 0.028125