9 0.15520833333333334 0.06145833333333333 0.16666666666666666 0.035416666666666666
9 0.14270833333333333 0.12708333333333333 0.16458333333333333 0.03333333333333333
9 0.134375 0.1875 0.1625 0.035416666666666666
9 0.134375 0.24166666666666667 0.18229166666666666 0.0375
9 0.38645833333333335 0.053125 0.17708333333333334 0.036458333333333336
9 0.38333333333333336 0.11041666666666666 0.16666666666666666 0.034375
9 0.38229166666666664 0.171875 0.18229166666666666 0.040625
9 0.41354166666666664 0.21875 0.24479166666666666 0.03854166666666667
9 0.8927083333333333 0.035416666666666666 0.13645833333333332 0.025
9 0.678125 0.040625 0.13958333333333334 0.029166666666666667
9 0.6770833333333334 0.08541666666666667 0.15520833333333334 0.03125
9 0.6927083333333334 0.14375 0.17708333333333334 0.03229166666666667
9 0.6979166666666666 0.20625 0.17604166666666668 0.029166666666666667
9 0.6104166666666667 0.29583333333333334 0.16145833333333334 0.03229166666666667
9 0.840625 0.28541666666666665 0.1625 0.03333333333333333
9 0.5958333333333333 0.3614583333333333 0.14895833333333333 0.03333333333333333
9 0.8135416666666667 0.34791666666666665 0.15208333333333332 0.03854166666666667
9 0.8104166666666667 0.42083333333333334 0.15416666666666667 0.035416666666666666
9 0.5916666666666667 0.4354166666666667 0.16145833333333334 0.035416666666666666
9 0.684375 0.5041666666666667 0.175 0.034375
9 0.8770833333333333 0.4875 0.13541666666666666 0.034375
9 0.121875 0.3229166666666667 0.146875 0.03333333333333333
9 0.12708333333333333 0.40208333333333335 0.15520833333333334 0.040625
9 0.36354166666666665 0.3802083333333333 0.17395833333333333 0.03125
9 0.3802083333333333 0.3020833333333333 0.18020833333333333 0.030208333333333334
9 0.13125 0.4739583333333333 0.16041666666666668 0.040625
9 0.35833333333333334 0.4552083333333333 0.16145833333333334 0.035416666666666666
9 0.45 0.521875 0.16979166666666667 0.0375
9 0.13854166666666667 0.6166666666666667 0.15520833333333334 0.03854166666666667
9 0.3572916666666667 0.590625 0.16458333333333333 0.042708333333333334
9 0.5739583333333333 0.575 0.13854166666666667 0.03125
9 0.7895833333333333 0.5583333333333333 0.16354166666666667 0.035416666666666666
9 0.7947916666666667 0.6083333333333333 0.165625 0.03958333333333333
9 0.5916666666666667 0.6364583333333333 0.15416666666666667 0.042708333333333334
9 0.5927083333333333 0.6916666666666667 0.159375 0.03958333333333333
9 0.8010416666666667 0.671875 0.15625 0.034375
9 0.596875 0.7708333333333334 0.14479166666666668 0.030208333333333334
9 0.7958333333333333 0.759375 0.15104166666666666 0.023958333333333335
9 0.7895833333333333 0.8197916666666667 0.1625 0.030208333333333334
9 0.584375 0.8291666666666667 0.159375 0.03125
9 0.66875 0.8854166666666666 0.16354166666666667 0.034375
9 0.8479166666666667 0.8739583333333333 0.12395833333333334 0.027083333333333334
9 0.8770833333333333 0.93125 0.12708333333333333 0.028125
9 0.66875 0.9416666666666667 0.203125 0.030208333333333334
9 0.225 0.953125 0.159375 0.03333333333333333
9 0.4635416666666667 0.9489583333333333 0.171875 0.034375
9 0.16145833333333334 0.9125 0.18333333333333332 0.042708333333333334
9 0.43125 0.8979166666666667 0.19583333333333333 0.03958333333333333
9 0.14270833333333333 0.8572916666666667 0.14166666666666666 0.03333333333333333
9 0.33958333333333335 0.84375 0.18541666666666667 0.03854166666666667
9 0.146875 0.8072916666666666 0.15520833333333334 0.030208333333333334
9 0.3729166666666667 0.7885416666666667 0.16145833333333334 0.034375
9 0.13645833333333332 0.7427083333333333 0.14479166666666668 0.03333333333333333
9 0.353125 0.7239583333333334 0.14479166666666668 0.03229166666666667
9 0.12604166666666666 0.6791666666666667 0.14270833333333333 0.03854166666666667
9 0.34791666666666665 0.65625 0.14583333333333334 0.036458333333333336