6 0.057291666666666664 0.09895833333333333 0.0875 0.041666666666666664
6 0.253125 0.09270833333333334 0.109375 0.04791666666666667
6 0.4479166666666667 0.0875 0.10104166666666667 0.04479166666666667
6 0.24375 0.1625 0.109375 0.041666666666666664
6 0.065625 0.175 0.075 0.03854166666666667
6 0.43645833333333334 0.15104166666666666 0.10625 0.04375
6 0.7583333333333333 0.06979166666666667 0.134375 0.04375
6 0.7458333333333333 0.15104166666666666 0.13333333333333333 0.0375
6 0.4510416666666667 0.225 0.11666666666666667 0.042708333333333334
6 0.7354166666666667 0.225 0.121875 0.04895833333333333
6 0.25625 0.225 0.13958333333333334 0.042708333333333334
6 0.07708333333333334 0.23645833333333333 0.10625 0.041666666666666664
6 0.08125 0.30520833333333336 0.08854166666666667 0.041666666666666664
6 0.253125 0.3 0.10625 0.03958333333333333
6 0.46145833333333336 0.296875 0.12083333333333333 0.03854166666666667
6 0.071875 0.35208333333333336 0.09166666666666666 0.041666666666666664
6 0.07291666666666667 0.41875 0.115625 0.05416666666666667
6 0.07083333333333333 0.48333333333333334 0.11875 0.04895833333333333
6 0.25625 0.48541666666666666 0.121875 0.042708333333333334
6 0.253125 0.4125 0.11666666666666667 0.041666666666666664
6 0.24895833333333334 0.3489583333333333 0.11458333333333333 0.03854166666666667
6 0.44583333333333336 0.340625 0.115625 0.042708333333333334
6 0.434375 0.415625 0.10520833333333333 0.03958333333333333
6 0.715625 0.33645833333333336 0.10729166666666666 0.0375
6 0.7447916666666666 0.28020833333333334 0.10416666666666667 0.046875
6 0.44479166666666664 0.48020833333333335 0.11875 0.04479166666666667
6 0.075 0.6197916666666666 0.10416666666666667 0.042708333333333334
6 0.27395833333333336 0.6145833333333334 0.12708333333333333 0.051041666666666666
6 0.43645833333333334 0.6739583333333333 0.109375 0.042708333333333334
6 0.7114583333333333 0.6708333333333333 0.1125 0.042708333333333334
6 0.06770833333333333 0.7604166666666666 0.12395833333333334 0.05
6 0.075 0.8416666666666667 0.10208333333333333 0.040625
6 0.06875 0.9104166666666667 0.11354166666666667 0.042708333333333334
6 0.2635416666666667 0.909375 0.109375 0.04479166666666667
6 0.2760416666666667 0.828125 0.11875 0.04895833333333333
6 0.7083333333333334 0.921875 0.15625 0.06145833333333333
6 0.7020833333333333 0.84375 0.12916666666666668 0.05520833333333333