4 0.5104166666666666 0.090625 0.8364583333333333 0.17604166666666668
8 0.21354166666666666 0.2604166666666667 0.228125 0.09375
8 0.46770833333333334 0.259375 0.228125 0.090625
8 0.7802083333333333 0.2604166666666667 0.23020833333333332 0.09166666666666666
13 0.41770833333333335 0.3958333333333333 0.43020833333333336 0.036458333333333336
13 0.41875 0.45 0.4322916666666667 0.040625
5 0.1375 0.4 0.06666666666666667 0.026041666666666668
5 0.13333333333333333 0.453125 0.06979166666666667 0.025
0 0.5458333333333333 0.5302083333333333 0.18958333333333333 0.0625
2 0.8052083333333333 0.36875 0.13333333333333333 0.030208333333333334
2 0.80625 0.42604166666666665 0.1375 0.03333333333333333
2 0.80625 0.47708333333333336 0.134375 0.028125
2 0.80625 0.5354166666666667 0.13645833333333332 0.028125
4 0.421875 0.6666666666666666 0.23020833333333332 0.13645833333333332
9 0.15416666666666667 0.6291666666666667 0.096875 0.027083333333333334
9 0.15416666666666667 0.684375 0.096875 0.028125
9 0.15 0.7395833333333334 0.09270833333333334 0.030208333333333334
9 0.15520833333333334 0.7927083333333333 0.09895833333333333 0.03125
8 0.425 0.8020833333333334 0.23645833333333333 0.10104166666666667