11 0.26979166666666665 0.10416666666666667 0.4375 0.16979166666666667
11 0.7135416666666666 0.071875 0.39479166666666665 0.12083333333333333
11 0.28854166666666664 0.29375 0.4395833333333333 0.21770833333333334
11 0.7489583333333333 0.2708333333333333 0.37083333333333335 0.20208333333333334
11 0.109375 0.5052083333333334 0.16354166666666667 0.16666666666666666
11 0.5677083333333334 0.47708333333333336 0.7145833333333333 0.16145833333333334
11 0.240625 0.6927083333333334 0.365625 0.17291666666666666
11 0.7 0.6739583333333333 0.4739583333333333 0.19166666666666668
11 0.18645833333333334 0.8822916666666667 0.25625 0.125
11 0.49270833333333336 0.871875 0.3020833333333333 0.134375
11 0.8135416666666667 0.8541666666666666 0.2760416666666667 0.14270833333333333