5 0.13854166666666667 0.06875 0.12708333333333333 0.06041666666666667
5 0.353125 0.071875 0.14270833333333333 0.04375
5 0.12395833333333334 0.159375 0.12708333333333333 0.0375
5 0.146875 0.23854166666666668 0.19270833333333334 0.028125
5 0.346875 0.14583333333333334 0.128125 0.03229166666666667
5 0.41458333333333336 0.228125 0.18645833333333334 0.04791666666666667
5 0.14375 0.3145833333333333 0.19583333333333333 0.029166666666666667
5 0.41770833333333335 0.29791666666666666 0.20833333333333334 0.03854166666666667
5 0.14583333333333334 0.3729166666666667 0.184375 0.046875
5 0.41875 0.3541666666666667 0.20208333333333334 0.027083333333333334
5 0.10833333333333334 0.4375 0.121875 0.03229166666666667
5 0.37604166666666666 0.41041666666666665 0.13229166666666667 0.03333333333333333
5 0.09479166666666666 0.5072916666666667 0.10729166666666666 0.046875
5 0.08541666666666667 0.5833333333333334 0.121875 0.041666666666666664
5 0.35833333333333334 0.48125 0.10729166666666666 0.0375
5 0.35 0.5489583333333333 0.10416666666666667 0.04791666666666667
5 0.10625 0.6479166666666667 0.146875 0.03125
5 0.096875 0.7125 0.1 0.029166666666666667
5 0.28229166666666666 0.6885416666666667 0.10833333333333334 0.026041666666666668
5 0.371875 0.6197916666666666 0.17395833333333333 0.040625
5 0.48020833333333335 0.675 0.10416666666666667 0.028125
5 0.11145833333333334 0.7833333333333333 0.12395833333333334 0.041666666666666664
5 0.103125 0.85 0.10416666666666667 0.035416666666666666
5 0.2833333333333333 0.7604166666666666 0.121875 0.030208333333333334
5 0.28229166666666666 0.8239583333333333 0.11458333333333333 0.03854166666666667
5 0.18229166666666666 0.903125 0.13125 0.034375
5 0.38645833333333335 0.8822916666666667 0.09166666666666666 0.03229166666666667
5 0.5260416666666666 0.8677083333333333 0.08333333333333333 0.03229166666666667
5 0.6635416666666667 0.8614583333333333 0.12395833333333334 0.03333333333333333
5 0.48333333333333334 0.80625 0.10833333333333334 0.03333333333333333
5 0.6760416666666667 0.7947916666666667 0.09895833333333333 0.025
5 0.4895833333333333 0.740625 0.10729166666666666 0.03229166666666667
5 0.8322916666666667 0.8375 0.11354166666666667 0.040625
5 0.8572916666666667 0.778125 0.11458333333333333 0.028125
5 0.6583333333333333 0.7322916666666667 0.10208333333333333 0.03333333333333333
5 0.653125 0.6604166666666667 0.1125 0.051041666666666666
5 0.8260416666666667 0.6479166666666667 0.10104166666666667 0.030208333333333334
5 0.6135416666666667 0.596875 0.19375 0.036458333333333336
5 0.8385416666666666 0.575 0.1625 0.022916666666666665
5 0.5458333333333333 0.5322916666666667 0.10208333333333333 0.028125
5 0.703125 0.5229166666666667 0.11979166666666667 0.034375
5 0.8375 0.5041666666666667 0.096875 0.028125
5 0.5270833333333333 0.47291666666666665 0.09375 0.026041666666666668
5 0.6875 0.46145833333333336 0.11458333333333333 0.022916666666666665
5 0.8427083333333333 0.45625 0.096875 0.025
5 0.6614583333333334 0.403125 0.0875 0.020833333333333332
5 0.815625 0.39375 0.09270833333333334 0.025
5 0.7104166666666667 0.34270833333333334 0.20208333333333334 0.027083333333333334
5 0.8833333333333333 0.34375 0.071875 0.021875
5 0.6833333333333333 0.21354166666666666 0.190625 0.05416666666666667
5 0.878125 0.26875 0.06875 0.023958333333333335
5 0.6979166666666666 0.28229166666666666 0.20729166666666668 0.022916666666666665
5 0.6135416666666667 0.13854166666666667 0.16041666666666668 0.03333333333333333
5 0.825 0.128125 0.12708333333333333 0.030208333333333334
5 0.621875 0.06458333333333334 0.121875 0.03333333333333333
5 0.8166666666666667 0.06145833333333333 0.11458333333333333 0.026041666666666668