8 0.21979166666666666 0.09479166666666666 0.3302083333333333 0.11979166666666667
8 0.17291666666666666 0.22291666666666668 0.26979166666666665 0.07708333333333334
8 0.16354166666666667 0.32916666666666666 0.2677083333333333 0.078125
8 0.16770833333333332 0.42083333333333334 0.28020833333333334 0.065625
8 0.5291666666666667 0.165625 0.24895833333333334 0.04895833333333333
8 0.5385416666666667 0.0625 0.24270833333333333 0.07083333333333333
8 0.5114583333333333 0.2989583333333333 0.26979166666666665 0.08020833333333334
8 0.4739583333333333 0.4166666666666667 0.19375 0.06666666666666667
8 0.178125 0.5208333333333334 0.2947916666666667 0.084375
8 0.5322916666666667 0.5229166666666667 0.284375 0.08541666666666667
8 0.8395833333333333 0.065625 0.28229166666666666 0.07604166666666666
8 0.8458333333333333 0.16041666666666668 0.2791666666666667 0.052083333333333336
8 0.8427083333333333 0.29270833333333335 0.2875 0.08645833333333333
8 0.8114583333333333 0.41458333333333336 0.2625 0.07083333333333333
8 0.840625 0.5197916666666667 0.2625 0.08854166666666667
8 0.8322916666666667 0.6302083333333334 0.2875 0.08645833333333333
8 0.5260416666666666 0.634375 0.2677083333333333 0.084375
8 0.1875 0.634375 0.315625 0.084375
8 0.18333333333333332 0.9229166666666667 0.31354166666666666 0.07395833333333333
8 0.17395833333333333 0.8322916666666667 0.31145833333333334 0.08854166666666667
8 0.17395833333333333 0.7270833333333333 0.31875 0.08541666666666667
8 0.5114583333333333 0.7229166666666667 0.23854166666666668 0.071875
8 0.509375 0.828125 0.25416666666666665 0.07708333333333334
8 0.48854166666666665 0.9260416666666667 0.24895833333333334 0.08020833333333334
8 0.8052083333333333 0.928125 0.28229166666666666 0.0875
8 0.81875 0.8333333333333334 0.296875 0.07708333333333334
8 0.81875 0.7364583333333333 0.271875 0.09270833333333334