10 0.228125 0.05625 0.2989583333333333 0.051041666666666666
10 0.221875 0.12604166666666666 0.29583333333333334 0.04375
10 0.22395833333333334 0.19375 0.29270833333333335 0.0375
10 0.5572916666666666 0.18958333333333333 0.31979166666666664 0.0375
10 0.5541666666666667 0.10520833333333333 0.2989583333333333 0.040625
10 0.5416666666666666 0.04895833333333333 0.25729166666666664 0.0375
10 0.8291666666666667 0.04895833333333333 0.2552083333333333 0.036458333333333336
10 0.8364583333333333 0.10625 0.20208333333333334 0.03229166666666667
10 0.84375 0.17916666666666667 0.19375 0.034375
10 0.21354166666666666 0.2677083333333333 0.2708333333333333 0.051041666666666666
10 0.5822916666666667 0.259375 0.403125 0.036458333333333336
10 0.8635416666666667 0.2552083333333333 0.121875 0.026041666666666668
10 0.21458333333333332 0.340625 0.3260416666666667 0.04791666666666667
10 0.5385416666666667 0.3416666666666667 0.2552083333333333 0.04791666666666667
10 0.7885416666666667 0.33645833333333336 0.2 0.042708333333333334
10 0.20625 0.42291666666666666 0.265625 0.042708333333333334
10 0.5052083333333334 0.40208333333333335 0.25 0.030208333333333334
10 0.7895833333333333 0.39791666666666664 0.22395833333333334 0.03229166666666667
10 0.14895833333333333 0.4822916666666667 0.190625 0.04375
10 0.42604166666666665 0.465625 0.22083333333333333 0.04791666666666667
10 0.740625 0.45729166666666665 0.2947916666666667 0.03854166666666667
10 0.16458333333333333 0.5635416666666667 0.23645833333333333 0.04583333333333333
10 0.48333333333333334 0.5364583333333334 0.3072916666666667 0.052083333333333336
10 0.8020833333333334 0.5239583333333333 0.25625 0.03229166666666667
10 0.19791666666666666 0.6333333333333333 0.25625 0.06354166666666666
10 0.203125 0.7114583333333333 0.28958333333333336 0.046875
10 0.16145833333333334 0.778125 0.20520833333333333 0.04791666666666667
10 0.5072916666666667 0.6052083333333333 0.28854166666666664 0.04791666666666667
10 0.7833333333333333 0.590625 0.20520833333333333 0.040625
10 0.5510416666666667 0.6885416666666667 0.28229166666666666 0.0375
10 0.8104166666666667 0.6802083333333333 0.19583333333333333 0.034375
10 0.2520833333333333 0.8354166666666667 0.403125 0.04375
10 0.53125 0.7520833333333333 0.2677083333333333 0.04479166666666667
10 0.8333333333333334 0.746875 0.21770833333333334 0.03958333333333333
10 0.671875 0.825 0.33229166666666665 0.03125
10 0.24583333333333332 0.8927083333333333 0.37604166666666666 0.04895833333333333
10 0.6552083333333333 0.88125 0.36041666666666666 0.036458333333333336