13 0.13541666666666666 0.03854166666666667 0.21458333333333332 0.028125
13 0.11979166666666667 0.09166666666666666 0.19479166666666667 0.03333333333333333
13 0.11354166666666667 0.1375 0.17395833333333333 0.03333333333333333
13 0.37083333333333335 0.034375 0.203125 0.040625
13 0.3489583333333333 0.08854166666666667 0.18125 0.042708333333333334
13 0.13958333333333334 0.19166666666666668 0.22291666666666668 0.035416666666666666
13 0.33958333333333335 0.13958333333333334 0.18333333333333332 0.03229166666666667
13 0.140625 0.23854166666666668 0.22291666666666668 0.027083333333333334
13 0.39375 0.19375 0.21979166666666666 0.03229166666666667
13 0.4166666666666667 0.240625 0.27708333333333335 0.03229166666666667
13 0.12916666666666668 0.28854166666666664 0.20104166666666667 0.036458333333333336
13 0.371875 0.28958333333333336 0.18333333333333332 0.040625
13 0.13645833333333332 0.3416666666666667 0.19791666666666666 0.04479166666666667
13 0.38645833333333335 0.334375 0.22291666666666668 0.03125
13 0.6072916666666667 0.029166666666666667 0.17291666666666666 0.0375
13 0.8458333333333333 0.028125 0.18333333333333332 0.036458333333333336
13 0.7614583333333333 0.08333333333333333 0.15416666666666667 0.027083333333333334
13 0.5625 0.08645833333333333 0.1625 0.030208333333333334
13 0.571875 0.14166666666666666 0.17395833333333333 0.03333333333333333
13 0.76875 0.140625 0.14895833333333333 0.029166666666666667
13 0.840625 0.18541666666666667 0.14583333333333334 0.025
13 0.6520833333333333 0.1875 0.196875 0.026041666666666668
13 0.6989583333333333 0.2375 0.2125 0.03333333333333333
13 0.8875 0.23229166666666667 0.14895833333333333 0.03854166666666667
13 0.6239583333333333 0.28958333333333336 0.22395833333333334 0.03333333333333333
13 0.8447916666666667 0.28958333333333336 0.18125 0.03958333333333333
13 0.5958333333333333 0.384375 0.18541666666666667 0.03125
13 0.6333333333333333 0.3375 0.20208333333333334 0.028125
13 0.846875 0.34375 0.17083333333333334 0.036458333333333336
13 0.8208333333333333 0.3875 0.209375 0.030208333333333334
13 0.740625 0.4427083333333333 0.24375 0.030208333333333334
13 0.7510416666666667 0.4947916666666667 0.21041666666666667 0.042708333333333334
13 0.8239583333333333 0.5572916666666666 0.178125 0.040625
13 0.559375 0.55 0.240625 0.03229166666666667
13 0.7614583333333333 0.6135416666666667 0.271875 0.0375
13 0.709375 0.6489583333333333 0.19270833333333334 0.030208333333333334
13 0.7302083333333333 0.6979166666666666 0.21458333333333332 0.0375
13 0.421875 0.6895833333333333 0.22604166666666667 0.042708333333333334
13 0.4375 0.640625 0.23854166666666668 0.027083333333333334
13 0.16458333333333333 0.6885416666666667 0.20208333333333334 0.040625
13 0.171875 0.6458333333333334 0.228125 0.025
13 0.453125 0.5989583333333334 0.23645833333333333 0.034375
13 0.17395833333333333 0.6020833333333333 0.24270833333333333 0.0375
13 0.22083333333333333 0.5520833333333334 0.3333333333333333 0.035416666666666666
13 0.15833333333333333 0.496875 0.225 0.042708333333333334
13 0.159375 0.4375 0.23333333333333334 0.034375
13 0.453125 0.4895833333333333 0.27708333333333335 0.03125
13 0.446875 0.44375 0.24270833333333333 0.0375
13 0.5291666666666667 0.7489583333333333 0.23958333333333334 0.03333333333333333
13 0.4739583333333333 0.7927083333333333 0.18125 0.03333333333333333
13 0.6947916666666667 0.7958333333333333 0.2 0.035416666666666666
13 0.8020833333333334 0.7572916666666667 0.19583333333333333 0.035416666666666666
13 0.625 0.9489583333333333 0.18125 0.0375
13 0.646875 0.8947916666666667 0.19583333333333333 0.03854166666666667
13 0.6572916666666667 0.8416666666666667 0.23020833333333332 0.026041666666666668
13 0.84375 0.9447916666666667 0.19895833333333332 0.027083333333333334
13 0.8791666666666667 0.8927083333333333 0.17083333333333334 0.03854166666666667
13 0.8791666666666667 0.8427083333333333 0.171875 0.03125
13 0.15833333333333333 0.9302083333333333 0.23645833333333333 0.04583333333333333
13 0.41458333333333336 0.9395833333333333 0.18645833333333334 0.0375
13 0.16979166666666667 0.88125 0.20833333333333334 0.029166666666666667
13 0.39895833333333336 0.8864583333333333 0.20208333333333334 0.03125
13 0.17395833333333333 0.84375 0.21666666666666667 0.034375
13 0.409375 0.84375 0.196875 0.034375
13 0.21770833333333334 0.7916666666666666 0.240625 0.035416666666666666
13 0.22083333333333333 0.7489583333333333 0.2989583333333333 0.04479166666666667
13 0.3625 0.3885416666666667 0.22395833333333334 0.041666666666666664
13 0.13333333333333333 0.39479166666666665 0.20833333333333334 0.035416666666666666