2 0.253125 0.13229166666666667 0.25833333333333336 0.034375
2 0.25104166666666666 0.19270833333333334 0.26458333333333334 0.034375
2 0.24270833333333333 0.24791666666666667 0.2552083333333333 0.035416666666666666
2 0.21145833333333333 0.28854166666666664 0.20520833333333333 0.03125
2 0.23020833333333332 0.3385416666666667 0.240625 0.028125
2 0.625 0.12395833333333334 0.2916666666666667 0.028125
2 0.6010416666666667 0.17916666666666667 0.25729166666666664 0.03854166666666667
2 0.5927083333333333 0.23229166666666667 0.259375 0.040625
2 0.5947916666666667 0.28125 0.271875 0.03958333333333333
2 0.6197916666666666 0.3333333333333333 0.296875 0.030208333333333334
2 0.6229166666666667 0.38645833333333335 0.284375 0.03229166666666667
2 0.6302083333333334 0.4510416666666667 0.2791666666666667 0.034375
2 0.6322916666666667 0.515625 0.26979166666666665 0.034375
2 0.6354166666666666 0.5864583333333333 0.28020833333333334 0.034375
2 0.64375 0.6427083333333333 0.27708333333333335 0.035416666666666666
2 0.6322916666666667 0.7010416666666667 0.24479166666666666 0.029166666666666667
2 0.6479166666666667 0.746875 0.259375 0.036458333333333336
2 0.653125 0.7989583333333333 0.2520833333333333 0.03125
2 0.6541666666666667 0.846875 0.24479166666666666 0.029166666666666667
2 0.6489583333333333 0.9 0.240625 0.030208333333333334
2 0.296875 0.9020833333333333 0.275 0.042708333333333334
2 0.28020833333333334 0.834375 0.2625 0.04895833333333333
2 0.271875 0.771875 0.26458333333333334 0.046875
2 0.2625 0.70625 0.2677083333333333 0.04791666666666667
2 0.25833333333333336 0.6333333333333333 0.2552083333333333 0.03854166666666667
2 0.24791666666666667 0.58125 0.21979166666666666 0.036458333333333336
2 0.25104166666666666 0.5166666666666667 0.240625 0.03854166666666667
2 0.24791666666666667 0.4552083333333333 0.26979166666666665 0.041666666666666664
2 0.23229166666666667 0.3885416666666667 0.2604166666666667 0.046875