3 0.14479166666666668 0.052083333333333336 0.17395833333333333 0.058333333333333334
3 0.14791666666666667 0.13541666666666666 0.20416666666666666 0.052083333333333336
3 0.428125 0.04583333333333333 0.19166666666666668 0.059375
3 0.43854166666666666 0.121875 0.215625 0.040625
3 0.40520833333333334 0.2 0.16458333333333333 0.046875
3 0.13333333333333333 0.209375 0.17916666666666667 0.05520833333333333
3 0.15 0.296875 0.18020833333333333 0.057291666666666664
3 0.3875 0.278125 0.165625 0.04895833333333333
3 0.6958333333333333 0.04791666666666667 0.16770833333333332 0.04583333333333333
3 0.8791666666666667 0.04479166666666667 0.140625 0.042708333333333334
3 0.675 0.11145833333333334 0.16770833333333332 0.053125
3 0.8614583333333333 0.10520833333333333 0.15 0.0375
3 0.6364583333333333 0.19375 0.16770833333333332 0.057291666666666664
3 0.8458333333333333 0.18229166666666666 0.153125 0.040625
3 0.61875 0.26875 0.19166666666666668 0.04791666666666667
3 0.834375 0.2552083333333333 0.16145833333333334 0.05
3 0.5947916666666667 0.35833333333333334 0.20416666666666666 0.059375
3 0.8197916666666667 0.34270833333333334 0.2 0.051041666666666666
3 0.6333333333333333 0.4427083333333333 0.17395833333333333 0.04791666666666667
3 0.8364583333333333 0.428125 0.15625 0.030208333333333334
3 0.6197916666666666 0.5135416666666667 0.16145833333333334 0.053125
3 0.8208333333333333 0.503125 0.18020833333333333 0.046875
3 0.37604166666666666 0.5291666666666667 0.15729166666666666 0.04375
3 0.39166666666666666 0.45729166666666665 0.21145833333333333 0.053125
3 0.37083333333333335 0.37395833333333334 0.17395833333333333 0.058333333333333334
3 0.146875 0.39166666666666666 0.18125 0.06041666666666667
3 0.13958333333333334 0.478125 0.18125 0.04791666666666667
3 0.13020833333333334 0.546875 0.18229166666666666 0.05416666666666667
3 0.10104166666666667 0.6375 0.13541666666666666 0.042708333333333334
3 0.10833333333333334 0.7083333333333334 0.128125 0.04583333333333333
3 0.11458333333333333 0.7822916666666667 0.13125 0.040625
3 0.134375 0.84375 0.14479166666666668 0.03958333333333333
3 0.3458333333333333 0.8114583333333333 0.11666666666666667 0.0375
3 0.35520833333333335 0.7572916666666667 0.12395833333333334 0.034375
3 0.3333333333333333 0.6822916666666666 0.11145833333333334 0.04375
3 0.35208333333333336 0.615625 0.13229166666666667 0.0375
3 0.14375 0.909375 0.14479166666666668 0.0375
3 0.390625 0.884375 0.13229166666666667 0.036458333333333336
3 0.40625 0.9395833333333333 0.13958333333333334 0.03958333333333333
3 0.59375 0.921875 0.09166666666666666 0.030208333333333334
3 0.5885416666666666 0.8697916666666666 0.1375 0.03125
3 0.553125 0.7989583333333333 0.115625 0.0375
3 0.54375 0.7385416666666667 0.11875 0.036458333333333336
3 0.5635416666666667 0.6697916666666667 0.13854166666666667 0.041666666666666664
3 0.765625 0.9135416666666667 0.10520833333333333 0.027083333333333334
3 0.7958333333333333 0.85625 0.12708333333333333 0.04375
3 0.7666666666666667 0.78125 0.12604166666666666 0.035416666666666666
3 0.778125 0.7260416666666667 0.13541666666666666 0.03854166666666667
3 0.778125 0.6552083333333333 0.13229166666666667 0.035416666666666666
3 0.578125 0.6052083333333333 0.15208333333333332 0.03958333333333333
3 0.809375 0.59375 0.159375 0.0375