4 0.23229166666666667 0.20416666666666666 0.22395833333333334 0.178125
4 0.5260416666666666 0.19166666666666668 0.22604166666666667 0.18541666666666667
4 0.7875 0.18229166666666666 0.215625 0.17708333333333334
4 0.359375 0.41770833333333335 0.46458333333333335 0.15104166666666666
4 0.7364583333333333 0.39166666666666666 0.221875 0.13854166666666667
4 0.2125 0.56875 0.18541666666666667 0.11458333333333333
4 0.4239583333333333 0.5572916666666666 0.21041666666666667 0.11979166666666667
4 0.65 0.5510416666666667 0.20208333333333334 0.12291666666666666
4 0.45729166666666665 0.7052083333333333 0.6875 0.12604166666666666
4 0.221875 0.8604166666666667 0.19791666666666666 0.15833333333333333
4 0.49375 0.8364583333333333 0.2 0.10416666666666667
4 0.7239583333333334 0.8229166666666666 0.18333333333333332 0.11458333333333333