13 0.20416666666666666 0.065625 0.309375 0.052083333333333336
13 0.215625 0.14375 0.3385416666666667 0.07291666666666667
13 0.5614583333333333 0.051041666666666666 0.3458333333333333 0.0375
13 0.846875 0.04791666666666667 0.184375 0.034375
13 0.234375 0.221875 0.365625 0.05
13 0.5739583333333333 0.11979166666666667 0.27708333333333335 0.051041666666666666
13 0.8364583333333333 0.109375 0.19375 0.0375
13 0.6145833333333334 0.20625 0.2875 0.034375
13 0.8520833333333333 0.19375 0.15208333333333332 0.03229166666666667
13 0.24479166666666666 0.28020833333333334 0.4114583333333333 0.051041666666666666
13 0.646875 0.265625 0.34270833333333334 0.040625
13 0.22395833333333334 0.34479166666666666 0.35625 0.046875
13 0.6125 0.3260416666666667 0.33645833333333336 0.040625
13 0.878125 0.31666666666666665 0.16875 0.036458333333333336
13 0.225 0.4083333333333333 0.3489583333333333 0.05625
13 0.6239583333333333 0.38958333333333334 0.371875 0.051041666666666666
13 0.8927083333333333 0.378125 0.12708333333333333 0.029166666666666667
13 0.20833333333333334 0.46145833333333336 0.2947916666666667 0.053125
13 0.575 0.440625 0.31145833333333334 0.03333333333333333
13 0.8510416666666667 0.4354166666666667 0.18333333333333332 0.03958333333333333
13 0.196875 0.534375 0.2760416666666667 0.042708333333333334
13 0.5604166666666667 0.5229166666666667 0.3333333333333333 0.046875
13 0.8375 0.5114583333333333 0.18854166666666666 0.034375
13 0.27395833333333336 0.6020833333333333 0.4375 0.06458333333333334
13 0.6895833333333333 0.5770833333333333 0.29791666666666666 0.051041666666666666
13 0.14479166666666668 0.665625 0.17291666666666666 0.046875
13 0.38125 0.6479166666666667 0.20520833333333333 0.042708333333333334
13 0.6666666666666666 0.6354166666666666 0.25625 0.040625
13 0.27395833333333336 0.7229166666666667 0.39791666666666664 0.06041666666666667
13 0.64375 0.7010416666666667 0.2635416666666667 0.05
13 0.8635416666666667 0.6979166666666666 0.140625 0.034375
13 0.22395833333333334 0.7895833333333333 0.3333333333333333 0.065625
13 0.571875 0.771875 0.28020833333333334 0.05
13 0.8447916666666667 0.75625 0.19270833333333334 0.029166666666666667
13 0.24791666666666667 0.8552083333333333 0.3770833333333333 0.0625
13 0.6041666666666666 0.8270833333333333 0.2635416666666667 0.042708333333333334
13 0.8375 0.81875 0.14791666666666667 0.03333333333333333
13 0.24270833333333333 0.9166666666666666 0.371875 0.046875
13 0.6302083333333334 0.903125 0.3072916666666667 0.03125
13 0.225 0.9625 0.28229166666666666 0.03333333333333333
13 0.6822916666666666 0.9479166666666666 0.375 0.0375