8 0.22083333333333333 0.103125 0.340625 0.12708333333333333
8 0.17395833333333333 0.23541666666666666 0.27291666666666664 0.07916666666666666
8 0.16666666666666666 0.34270833333333334 0.2677083333333333 0.07708333333333334
8 0.16979166666666667 0.4354166666666667 0.284375 0.06666666666666667
8 0.18125 0.5385416666666667 0.296875 0.08645833333333333
8 0.190625 0.6489583333333333 0.32395833333333335 0.08854166666666667
8 0.17395833333333333 0.7427083333333333 0.32916666666666666 0.090625
8 0.5354166666666667 0.5364583333333334 0.28958333333333336 0.08541666666666667
8 0.5291666666666667 0.6458333333333334 0.27291666666666664 0.084375
8 0.515625 0.7354166666666667 0.23854166666666668 0.07083333333333333
8 0.8479166666666667 0.5291666666666667 0.2677083333333333 0.090625
8 0.8385416666666666 0.640625 0.29375 0.084375
8 0.8270833333333333 0.7510416666666667 0.27395833333333336 0.09479166666666666
8 0.8229166666666666 0.8479166666666667 0.3020833333333333 0.078125
8 0.8125 0.9458333333333333 0.2833333333333333 0.08333333333333333
8 0.49270833333333336 0.940625 0.25833333333333336 0.084375
8 0.5125 0.8427083333333333 0.2635416666666667 0.08125
8 0.18229166666666666 0.9416666666666667 0.31354166666666666 0.07708333333333334
8 0.17395833333333333 0.85 0.3104166666666667 0.09479166666666666
8 0.5322916666666667 0.17708333333333334 0.25 0.053125
8 0.5177083333333333 0.31145833333333334 0.27708333333333335 0.08541666666666667
8 0.5447916666666667 0.06979166666666667 0.2552083333333333 0.078125
8 0.81875 0.4239583333333333 0.275 0.07083333333333333
8 0.84375 0.3020833333333333 0.29583333333333334 0.09375
8 0.8541666666666666 0.165625 0.28958333333333336 0.058333333333333334
8 0.8489583333333334 0.06875 0.3 0.08645833333333333