4 0.209375 0.06041666666666667 0.3375 0.10416666666666667
4 0.5322916666666667 0.06875 0.25833333333333336 0.11875
4 0.128125 0.175 0.22291666666666668 0.078125
4 0.4010416666666667 0.18125 0.20833333333333334 0.07083333333333333
4 0.6333333333333333 0.18020833333333333 0.18958333333333333 0.08333333333333333
4 0.13541666666666666 0.2760416666666667 0.25416666666666665 0.09270833333333334
4 0.36354166666666665 0.275 0.19270833333333334 0.08333333333333333
4 0.5958333333333333 0.28020833333333334 0.22916666666666666 0.07291666666666667
4 0.8375 0.27395833333333336 0.2 0.06875
4 0.8458333333333333 0.17604166666666668 0.19791666666666666 0.08541666666666667
4 0.8375 0.06145833333333333 0.23020833333333332 0.09791666666666667
4 0.11666666666666667 0.3854166666666667 0.203125 0.08854166666666667
4 0.3458333333333333 0.38125 0.16979166666666667 0.08645833333333333
4 0.571875 0.3729166666666667 0.20520833333333333 0.071875
4 0.8104166666666667 0.3625 0.203125 0.07708333333333334
4 0.16875 0.49166666666666664 0.321875 0.10104166666666667
4 0.48020833333333335 0.48854166666666665 0.29791666666666666 0.075
4 0.8104166666666667 0.478125 0.2677083333333333 0.08125
4 0.16458333333333333 0.5958333333333333 0.22291666666666668 0.09791666666666667
4 0.4552083333333333 0.5916666666666667 0.2677083333333333 0.08125
4 0.7708333333333334 0.5822916666666667 0.24583333333333332 0.078125
4 0.153125 0.69375 0.2520833333333333 0.08333333333333333
4 0.42291666666666666 0.6833333333333333 0.24791666666666667 0.07604166666666666
4 0.715625 0.6895833333333333 0.2989583333333333 0.07291666666666667
4 0.159375 0.7864583333333334 0.2375 0.084375
4 0.38125 0.778125 0.19791666666666666 0.071875
4 0.5833333333333334 0.7760416666666666 0.22291666666666668 0.07395833333333333
4 0.8375 0.76875 0.22083333333333333 0.06458333333333334
4 0.14270833333333333 0.965625 0.196875 0.059375
4 0.16666666666666666 0.8854166666666666 0.28854166666666664 0.0875
4 0.46041666666666664 0.871875 0.2520833333333333 0.08645833333333333
4 0.7020833333333333 0.8583333333333333 0.22083333333333333 0.08020833333333334
4 0.88125 0.8541666666666666 0.115625 0.075
4 0.353125 0.9635416666666666 0.19166666666666668 0.06666666666666667
4 0.56875 0.953125 0.159375 0.057291666666666664
4 0.7552083333333334 0.9520833333333333 0.15520833333333334 0.05416666666666667
4 0.9072916666666667 0.946875 0.12604166666666666 0.065625