7 0.2760416666666667 0.06770833333333333 0.41458333333333336 0.06145833333333333
7 0.7302083333333333 0.058333333333333334 0.4395833333333333 0.05416666666666667
7 0.27708333333333335 0.15208333333333332 0.4395833333333333 0.065625
7 0.7375 0.14375 0.425 0.05520833333333333
7 0.33229166666666665 0.23645833333333333 0.5364583333333334 0.07291666666666667
7 0.7864583333333334 0.21458333333333332 0.30625 0.058333333333333334
7 0.25833333333333336 0.3145833333333333 0.4270833333333333 0.07395833333333333
7 0.7145833333333333 0.28854166666666664 0.4 0.06145833333333333
7 0.2708333333333333 0.4041666666666667 0.41041666666666665 0.075
7 0.7447916666666666 0.36875 0.4114583333333333 0.07395833333333333
7 0.25416666666666665 0.49583333333333335 0.36770833333333336 0.065625
7 0.7364583333333333 0.45625 0.43020833333333336 0.065625
7 0.240625 0.6458333333333334 0.38229166666666664 0.07916666666666666
7 0.7239583333333334 0.5364583333333334 0.478125 0.06875
7 0.7541666666666667 0.6354166666666666 0.45208333333333334 0.06666666666666667
7 0.7583333333333333 0.7083333333333334 0.41041666666666665 0.06458333333333334
7 0.2552083333333333 0.734375 0.46458333333333335 0.08020833333333334
7 0.7322916666666667 0.8083333333333333 0.41354166666666664 0.08229166666666667
7 0.259375 0.8229166666666666 0.425 0.07916666666666666
7 0.25104166666666666 0.8989583333333333 0.403125 0.059375
7 0.7302083333333333 0.8895833333333333 0.4114583333333333 0.07604166666666666