13 0.134375 0.03854166666666667 0.21354166666666666 0.028125
13 0.11875 0.090625 0.19166666666666668 0.034375
13 0.37083333333333335 0.034375 0.203125 0.040625
13 0.115625 0.13645833333333332 0.17395833333333333 0.03229166666666667
13 0.13854166666666667 0.19270833333333334 0.22291666666666668 0.035416666666666666
13 0.3958333333333333 0.19479166666666667 0.215625 0.036458333333333336
13 0.33958333333333335 0.140625 0.178125 0.034375
13 0.3489583333333333 0.08958333333333333 0.17916666666666667 0.04479166666666667
13 0.609375 0.028125 0.17083333333333334 0.036458333333333336
13 0.84375 0.028125 0.17916666666666667 0.036458333333333336
13 0.7625 0.084375 0.15208333333333332 0.026041666666666668
13 0.7708333333333334 0.14166666666666666 0.146875 0.030208333333333334
13 0.5645833333333333 0.08541666666666667 0.1625 0.028125
13 0.8395833333333333 0.184375 0.13958333333333334 0.021875
13 0.6520833333333333 0.18645833333333334 0.19166666666666668 0.026041666666666668
13 0.5739583333333333 0.140625 0.17083333333333334 0.03333333333333333
13 0.14166666666666666 0.23854166666666668 0.221875 0.023958333333333335
13 0.4166666666666667 0.23958333333333334 0.27291666666666664 0.03125
13 0.12916666666666668 0.2875 0.19583333333333333 0.03333333333333333
13 0.6989583333333333 0.23645833333333333 0.20729166666666668 0.027083333333333334
13 0.8916666666666667 0.23125 0.14166666666666666 0.030208333333333334
13 0.8447916666666667 0.28958333333333336 0.17083333333333334 0.036458333333333336
13 0.625 0.28958333333333336 0.21875 0.030208333333333334
13 0.846875 0.34375 0.165625 0.035416666666666666
13 0.7395833333333334 0.4427083333333333 0.24270833333333333 0.028125
13 0.7510416666666667 0.4947916666666667 0.20729166666666668 0.03854166666666667
13 0.371875 0.28958333333333336 0.18125 0.0375
13 0.38645833333333335 0.334375 0.221875 0.030208333333333334
13 0.6333333333333333 0.3385416666666667 0.19583333333333333 0.029166666666666667
13 0.36354166666666665 0.38645833333333335 0.21666666666666667 0.034375
13 0.5958333333333333 0.38333333333333336 0.18229166666666666 0.030208333333333334
13 0.4479166666666667 0.44479166666666664 0.24375 0.035416666666666666
13 0.13645833333333332 0.3416666666666667 0.19270833333333334 0.041666666666666664
13 0.13125 0.3927083333333333 0.19895833333333332 0.030208333333333334
13 0.16041666666666668 0.43645833333333334 0.23020833333333332 0.03229166666666667
13 0.159375 0.49583333333333335 0.225 0.041666666666666664
13 0.221875 0.5520833333333334 0.32916666666666666 0.034375
13 0.45208333333333334 0.4875 0.27395833333333336 0.029166666666666667
13 0.5614583333333333 0.55 0.23958333333333334 0.03333333333333333
13 0.821875 0.5572916666666666 0.178125 0.041666666666666664
13 0.7614583333333333 0.6114583333333333 0.2708333333333333 0.0375
13 0.709375 0.6479166666666667 0.18645833333333334 0.028125
13 0.453125 0.5989583333333334 0.23333333333333334 0.03333333333333333
13 0.17604166666666668 0.6020833333333333 0.2375 0.036458333333333336
13 0.17083333333333334 0.6458333333333334 0.22916666666666666 0.022916666666666665
13 0.16458333333333333 0.6885416666666667 0.2 0.040625
13 0.43854166666666666 0.640625 0.23854166666666668 0.026041666666666668
13 0.421875 0.6885416666666667 0.228125 0.042708333333333334
13 0.22083333333333333 0.7479166666666667 0.2947916666666667 0.041666666666666664
13 0.21875 0.7916666666666666 0.240625 0.03854166666666667
13 0.17291666666666666 0.8427083333333333 0.21770833333333334 0.035416666666666666
13 0.17083333333333334 0.8802083333333334 0.20729166666666668 0.027083333333333334
13 0.41041666666666665 0.8447916666666667 0.19583333333333333 0.034375
13 0.47604166666666664 0.7947916666666667 0.178125 0.029166666666666667
13 0.159375 0.9302083333333333 0.23125 0.042708333333333334
13 0.4 0.8864583333333333 0.203125 0.030208333333333334
13 0.4166666666666667 0.9395833333333333 0.17708333333333334 0.03958333333333333
13 0.53125 0.75 0.23645833333333333 0.035416666666666666
13 0.7291666666666666 0.6979166666666666 0.21041666666666667 0.036458333333333336
13 0.8020833333333334 0.75625 0.19583333333333333 0.036458333333333336
13 0.6947916666666667 0.796875 0.20208333333333334 0.029166666666666667
13 0.6572916666666667 0.8416666666666667 0.23333333333333334 0.027083333333333334
13 0.8802083333333334 0.8427083333333333 0.16770833333333332 0.030208333333333334
13 0.6479166666666667 0.8947916666666667 0.19375 0.03854166666666667
13 0.8802083333333334 0.8927083333333333 0.16666666666666666 0.040625
13 0.6239583333333333 0.9489583333333333 0.17708333333333334 0.035416666666666666
13 0.8427083333333333 0.9447916666666667 0.196875 0.025
13 0.81875 0.3885416666666667 0.21041666666666667 0.035416666666666666