11 0.3020833333333333 0.075 0.2625 0.08333333333333333
11 0.684375 0.071875 0.3729166666666667 0.08645833333333333
11 0.328125 0.203125 0.35520833333333335 0.11666666666666667
11 0.75 0.17916666666666667 0.36770833333333336 0.1125
11 0.7395833333333334 0.33645833333333336 0.35208333333333336 0.109375
11 0.3072916666666667 0.359375 0.31979166666666664 0.11770833333333333
11 0.3229166666666667 0.5260416666666666 0.5052083333333334 0.165625
11 0.7291666666666666 0.5197916666666667 0.27708333333333335 0.18020833333333333
11 0.2833333333333333 0.7364583333333333 0.36354166666666665 0.14895833333333333
11 0.6947916666666667 0.7177083333333333 0.36041666666666666 0.184375
11 0.2989583333333333 0.9010416666666666 0.4114583333333333 0.11354166666666667
11 0.7416666666666667 0.8895833333333333 0.3333333333333333 0.13020833333333334