13 0.21770833333333334 0.04375 0.309375 0.057291666666666664
13 0.19270833333333334 0.14166666666666666 0.2625 0.046875
13 0.19375 0.215625 0.271875 0.051041666666666666
13 0.1875 0.3 0.25 0.04375
13 0.5385416666666667 0.04791666666666667 0.26145833333333335 0.05520833333333333
13 0.503125 0.12604166666666666 0.21041666666666667 0.029166666666666667
13 0.49375 0.215625 0.2375 0.03958333333333333
13 0.828125 0.05416666666666667 0.21458333333333332 0.03854166666666667
13 0.8114583333333333 0.115625 0.25 0.030208333333333334
13 0.8083333333333333 0.209375 0.23958333333333334 0.041666666666666664
13 0.7770833333333333 0.290625 0.22291666666666668 0.051041666666666666
13 0.46770833333333334 0.29791666666666666 0.2520833333333333 0.052083333333333336
13 0.46041666666666664 0.3885416666666667 0.246875 0.04479166666666667
13 0.7583333333333333 0.375 0.23958333333333334 0.03958333333333333
13 0.17083333333333334 0.384375 0.228125 0.04583333333333333
13 0.15520833333333334 0.47291666666666665 0.23020833333333332 0.04895833333333333
13 0.14270833333333333 0.5760416666666667 0.24270833333333333 0.04375
13 0.13854166666666667 0.6458333333333334 0.19583333333333333 0.036458333333333336
13 0.4510416666666667 0.46770833333333334 0.2552083333333333 0.040625
13 0.46770833333333334 0.565625 0.290625 0.03333333333333333
13 0.7885416666666667 0.5729166666666666 0.2625 0.03333333333333333
13 0.7697916666666667 0.45416666666666666 0.2677083333333333 0.04375
13 0.76875 0.71875 0.246875 0.029166666666666667
13 0.4270833333333333 0.7229166666666667 0.21979166666666666 0.0375
13 0.15729166666666666 0.796875 0.24479166666666666 0.036458333333333336
13 0.14166666666666666 0.8770833333333333 0.18333333333333332 0.04375
13 0.43645833333333334 0.8739583333333333 0.24166666666666667 0.04479166666666667
13 0.753125 0.8739583333333333 0.19791666666666666 0.03958333333333333
13 0.7697916666666667 0.6427083333333333 0.23125 0.04479166666666667